NearlySorted, 1000

-1491 -1481 -1480 -1479 -1476 -1470 -1465 -1463 -1456 -1456 -1448 -1447 -1443 -1443 -1442 -1430 -1430 -1428 -1425 -1421 -1419 -1418 -1413 -1411 -1411 
-1408 -1408 -1407 -1407 -1405 -1398 -1397 -1378 -1376 -1371 -1371 -1361 -1359 -1357 -1356 -1347 -1339 -1335 -1331 -1330 -1309 -1301 -1296 -1295 -1294 
-1293 -1290 -1289 -1277 -1272 -1270 -1267 -1257 -1255 -1252 -1250 -1248 -1247 -1239 -1239 -1232 -1231 -1224 -1219 -1215 -1205 -1203 -1200 -1198 -1193 
-1192 -1189 -1188 -1179 -1176 -1176 -1169 -1165 -1161 -1157 -1156 -1156 -1153 -1148 -1139 -1137 -1132 -1120 -1118 -1116 -1104 -1101 -1098 -1095 -1091 
-1086 -1079 -1075 -1074 -1074 -1069 -1065 -1063 -1061 -1058 -1056 -1054 -1052 -1052 -1048 -1048 -1042 -1018 -1009 -1008 -1007 -1007 -1006 -1004 -1003 
-1001 -1001  -997  -992  -991  -978  -969  -966  -958  -958  -955  -952  -951  -936  -931  -927  -925  -923  -917  -916  -910  -900  -898  -898  -896 
 -880  -877  -875  -870  -870  -866  -865  -859  -859  -859  -855  -854  -852  -849  -846  -845  -843  -838  -835  -832  -821  -820  -820  -816  -815 
 -808  -808  -805  -800  -795  -794  -794  -791  -789  -787  -782  -781  -777  -774  -767  -766  -765  -764  -758  -753  -745  -744  -743  -743  -742 
 -742  -740  -737  -736  -732  -727  -724  -724  -718  -711  -710  -703  -700  -697  -692  -686  -682  -680  -676  -674  -673  -669  -665  -663  -660 
 -660  -660  -658  -645  -643  -639  -638  -633  -631  -630  -628  -625  -613  -611  -610  -609  -609  -609  -603  -595  -582  -580  -577  -570  -567 
 -564  -561  -554  -554  -549  -546  -541  -538  -536  -534  -530  -525  -524  -514  -514  -508  -508  -507  -506  -505  -498  -497  -493  -484  -477 
 -472  -471  -469  -469  -467  -463  -461  -461  -459  -450  -447  -440  -436  -418  -416  -407  -406  -406  -404  -399  -390  -389  -375  -372  -371 
 -366  -359  -353  -350  -346  -331  -331  -329  -328  -325  -323  -320  -312  -305  -293  -288  -288  -288  -284  -281  -276  -275  -271  -264  -261 
 -258  -252  -251  -246  -241  -219  -212  -207  -202  -198  -191  -190  -188  -181  -181  -171  -166  -162  -156  -153  -153  -152  -148  -146  -144 
 -140  -136  -136  -132  -129  -126  -124  -123  -121  -120  -120  -109  -105  -101   -96   -89   -89   -84   -84   -79   -75   -68   -67   -57   -57 
  -54   -48   -48   -47   -45   -38   -36   -33   -29   -28   -27   -27   -15    -6    -4    -4    -2     0     6    13    16    19    21    28    29 
   34    37    38    55    57    65    65    69    69    78    79    80    82    83    84    84    86    95   100   101   104   112   120   121   125 
  129   138   138   147   149   151   154   158   159   170   172   173   175   177   180   183   187   217   222   223   226   227   232   235   239 
  240   241   242   244   244   247   249   250   255   275   293   297   298   298   298   304   306   307   310   311   315   315   325   325   330 
  339   339   346   349   351   355   356   360   362   364   372   377   378   378   385   386   392   397   398   402   404   408   411   411   417 
  422   422   426   430   431   432   432   439   449   454   454   459   461   466   469   472   480   487   492   492   494   498   506   510   516 
  521   523   526   527   533   533   541   544   553   553   554   554   556   568   570   571   571   574   581   582   583   584   586   588   592 
  592   600   601   603   603   611   611   613   619   620   626   630   633   635   641   643   655   656   658   663   672   673   678   696   696 
  707   707   713   714   725   727   729   733   739   753   763   766   768   775   781   786   790   794   797   801   801   804   806   807   808 
  809   822   828   830   833   834   835   840   848   848   850   852   853   854   855   855   855   857   860   860   861   863   874   879   880 
  881   884   886   896   896   897   897   901   903   906   912   918   921   926   926   933   952   953   954   954   959   959   960   967   973 
  974   977   981   989   990   993   993   995   999  1006  1017  1018  1026  1028  1030  1031  1031  1033  1044  1047  1049  1052  1062  1063  1064 
 1065  1068  1083  1083  1084  1085  1098  1100  1102  1109  1113  1114  1118  1124  1124  1134  1134  1136  1136  1139  1140  1144  1158  1169  1169 
 1173  1178  1181  1186  1193  1199  1201  1210  1225  1225  1227  1230  1231  1233  1239  1239  1252  1253  1260  1263  1264  1265  1270  1280  1282 
 1291  1301  1303  1304  1304  1308  1309  1313  1315  1317  1319  1328  1333  1342  1343  1347  1355  1358  1362  1365  1365  1370  1371  1376  1377 
 1383  1390  1390  1394  1397  1399  1401  1405  1407  1416  1419  1427  1427  1429  1432  1433  1439  1440  1440  1445  1449  1460  1464  1467  1473 
 1474  1479  1483  1486  1499  -607   -25  -991   539  -427    10  -254  1076 -1439   771  1036     7 -1109 -1429  -915    59   901  -384  -122 -1379 
  -93    18 -1372 -1436   834 -1163  -411 -1261   105   189  -143   433  1299  -578    85 -1218  1107 -1480  -585 -1160 -1402  1214  -271  -395   115 
 -849  -421   437   705   309  -430  1173  -928  1454 -1430  -657    34 -1346  -394  -642   318  1132  -274   726  -316  1122  1481    51   665   130 
-1264  -264   -78  -678  -856  -826  1007   684   270 -1237   584 -1402   779  -775    65 -1077   345  -166  1256  1024  1129 -1063   -53 -1367  -285 
   53  -127 -1407   342 -1203 -1160  -986  1163   137 -1426   406   791 -1104  -761  -639  -475  -144   998  1042   291  1366   317  -926  1451   488 
   60  1430 -1345  1171  1132  -263  -872   419   469  -325  -661  -261  -847  -713   994 -1426  1147  -395  1157   705 -1096   590   587 -1065  1205 
-1239  1391  -556   193  -237 -1012 -1355 -1173   188  -818  -741   424   -60  -612  -497  1138 -1445  -387  -867  -950 -1207   891  -774   295  -587 
  230   584   777 -1283  -185  -375  1039  1255  -170   852   228  -941   452  -921  1491  -307  1445  -813  -177   470  1279   386  -631   744  -443 
 1232 -1332  1345  -611  -326  -773 -1118  1252  -486  -681  -667  -826 -1050  -628   554   129  -514   641  1249  1178  1178 -1227   688 -1084 -1040 


