NearlySorted, 5000

-7497 -7493 -7488 -7483 -7482 -7482 -7481 -7479 -7472 -7471 -7471 -7465 -7461 -7452 -7451 -7450 -7449 -7445 -7444 -7439 -7439 -7425 -7417 -7414 -7410 
-7404 -7402 -7402 -7402 -7401 -7397 -7397 -7394 -7392 -7391 -7389 -7385 -7385 -7381 -7378 -7376 -7370 -7366 -7359 -7356 -7356 -7353 -7352 -7351 -7351 
-7348 -7341 -7339 -7336 -7331 -7331 -7328 -7328 -7326 -7320 -7315 -7313 -7312 -7310 -7306 -7305 -7301 -7299 -7296 -7295 -7294 -7294 -7293 -7291 -7290 
-7289 -7286 -7281 -7277 -7273 -7273 -7265 -7261 -7260 -7259 -7254 -7249 -7249 -7244 -7244 -7239 -7239 -7238 -7235 -7233 -7231 -7230 -7230 -7226 -7219 
-7210 -7207 -7205 -7203 -7201 -7194 -7193 -7191 -7184 -7182 -7178 -7174 -7173 -7172 -7170 -7169 -7168 -7167 -7167 -7167 -7165 -7162 -7160 -7160 -7160 
-7160 -7153 -7152 -7151 -7151 -7150 -7146 -7141 -7139 -7136 -7136 -7126 -7125 -7124 -7121 -7121 -7117 -7117 -7112 -7112 -7103 -7100 -7100 -7096 -7095 
-7093 -7089 -7088 -7088 -7080 -7078 -7077 -7077 -7072 -7071 -7064 -7064 -7060 -7059 -7057 -7056 -7047 -7045 -7044 -7042 -7032 -7030 -7029 -7023 -7016 
-7013 -7013 -7013 -7010 -7005 -7004 -7003 -7002 -7000 -7000 -6998 -6996 -6996 -6995 -6995 -6992 -6989 -6989 -6983 -6973 -6970 -6969 -6965 -6961 -6958 
-6954 -6954 -6952 -6932 -6929 -6928 -6922 -6922 -6917 -6914 -6913 -6911 -6910 -6901 -6897 -6895 -6893 -6889 -6884 -6876 -6876 -6874 -6869 -6867 -6867 
-6856 -6852 -6851 -6848 -6846 -6845 -6843 -6841 -6840 -6837 -6836 -6833 -6833 -6833 -6831 -6828 -6825 -6823 -6821 -6805 -6800 -6798 -6794 -6793 -6790 
-6789 -6783 -6782 -6781 -6780 -6779 -6779 -6777 -6775 -6775 -6773 -6772 -6770 -6769 -6757 -6756 -6751 -6747 -6746 -6743 -6739 -6737 -6733 -6723 -6723 
-6721 -6720 -6718 -6718 -6714 -6712 -6711 -6711 -6710 -6709 -6707 -6707 -6698 -6698 -6692 -6691 -6691 -6684 -6679 -6676 -6674 -6674 -6673 -6668 -6668 
-6667 -6651 -6649 -6649 -6647 -6646 -6645 -6644 -6644 -6636 -6635 -6633 -6629 -6621 -6615 -6605 -6605 -6602 -6600 -6583 -6581 -6580 -6574 -6572 -6554 
-6553 -6548 -6547 -6547 -6544 -6544 -6543 -6540 -6540 -6536 -6533 -6532 -6531 -6529 -6526 -6525 -6524 -6524 -6520 -6519 -6518 -6516 -6515 -6513 -6512 
-6510 -6506 -6501 -6501 -6494 -6485 -6481 -6477 -6471 -6470 -6468 -6467 -6459 -6459 -6456 -6453 -6452 -6448 -6442 -6440 -6440 -6439 -6436 -6435 -6434 
-6433 -6431 -6430 -6429 -6424 -6421 -6415 -6410 -6408 -6408 -6405 -6401 -6399 -6396 -6394 -6394 -6390 -6389 -6384 -6374 -6373 -6362 -6361 -6361 -6360 
-6353 -6333 -6333 -6333 -6330 -6322 -6320 -6315 -6314 -6314 -6312 -6308 -6305 -6298 -6298 -6296 -6295 -6290 -6288 -6286 -6284 -6283 -6274 -6274 -6273 
-6266 -6265 -6256 -6247 -6247 -6244 -6242 -6241 -6237 -6236 -6232 -6228 -6225 -6211 -6210 -6209 -6209 -6208 -6207 -6188 -6185 -6185 -6183 -6178 -6175 
-6172 -6170 -6169 -6168 -6163 -6162 -6157 -6151 -6142 -6131 -6127 -6121 -6114 -6111 -6108 -6106 -6101 -6101 -6100 -6097 -6094 -6089 -6089 -6088 -6088 
-6083 -6081 -6080 -6078 -6077 -6067 -6067 -6064 -6063 -6063 -6060 -6057 -6057 -6054 -6048 -6044 -6039 -6036 -6035 -6031 -6027 -6026 -6024 -6021 -6020 
-6018 -6015 -6015 -6011 -6011 -6010 -6001 -6000 -5998 -5996 -5992 -5991 -5986 -5984 -5979 -5979 -5975 -5973 -5972 -5971 -5965 -5963 -5959 -5955 -5952 
-5950 -5949 -5949 -5944 -5943 -5942 -5940 -5934 -5933 -5933 -5929 -5925 -5921 -5917 -5917 -5913 -5912 -5911 -5911 -5906 -5906 -5898 -5891 -5890 -5886 
-5886 -5876 -5875 -5872 -5867 -5863 -5863 -5859 -5855 -5852 -5849 -5846 -5841 -5841 -5840 -5833 -5831 -5831 -5820 -5810 -5806 -5806 -5805 -5803 -5796 
-5795 -5792 -5792 -5785 -5781 -5781 -5780 -5775 -5773 -5772 -5769 -5769 -5768 -5765 -5765 -5760 -5755 -5752 -5749 -5748 -5748 -5748 -5747 -5742 -5741 
-5738 -5737 -5731 -5726 -5722 -5717 -5716 -5715 -5714 -5710 -5710 -5704 -5702 -5699 -5697 -5696 -5689 -5683 -5679 -5676 -5674 -5673 -5672 -5672 -5671 
-5670 -5669 -5665 -5662 -5661 -5658 -5658 -5657 -5643 -5640 -5639 -5638 -5637 -5632 -5630 -5629 -5624 -5616 -5613 -5612 -5610 -5602 -5601 -5592 -5592 
-5588 -5585 -5583 -5583 -5581 -5577 -5576 -5575 -5572 -5565 -5559 -5558 -5558 -5555 -5552 -5551 -5550 -5548 -5539 -5539 -5538 -5534 -5534 -5531 -5525 
-5520 -5517 -5516 -5516 -5515 -5510 -5509 -5507 -5505 -5496 -5489 -5483 -5480 -5478 -5477 -5473 -5472 -5472 -5470 -5470 -5468 -5465 -5464 -5463 -5462 
-5458 -5458 -5455 -5453 -5450 -5448 -5438 -5435 -5430 -5427 -5426 -5425 -5421 -5419 -5416 -5413 -5409 -5408 -5405 -5404 -5402 -5396 -5396 -5395 -5392 
-5391 -5385 -5383 -5382 -5382 -5381 -5377 -5375 -5373 -5370 -5365 -5365 -5365 -5365 -5361 -5356 -5354 -5344 -5342 -5340 -5338 -5337 -5336 -5334 -5327 
-5318 -5317 -5313 -5309 -5296 -5293 -5290 -5285 -5280 -5280 -5279 -5279 -5276 -5275 -5274 -5269 -5266 -5263 -5256 -5254 -5253 -5250 -5248 -5244 -5242 
-5242 -5237 -5234 -5233 -5232 -5231 -5228 -5226 -5226 -5217 -5215 -5215 -5214 -5213 -5212 -5211 -5209 -5207 -5207 -5206 -5203 -5203 -5201 -5200 -5200 
-5198 -5193 -5192 -5192 -5191 -5191 -5191 -5187 -5187 -5181 -5177 -5164 -5161 -5160 -5157 -5152 -5152 -5150 -5147 -5145 -5145 -5144 -5129 -5128 -5125 
-5122 -5121 -5120 -5116 -5115 -5108 -5107 -5104 -5101 -5095 -5095 -5091 -5090 -5089 -5088 -5088 -5087 -5085 -5084 -5081 -5079 -5075 -5075 -5075 -5070 
-5069 -5068 -5066 -5065 -5060 -5058 -5058 -5049 -5040 -5039 -5038 -5035 -5035 -5032 -5031 -5030 -5027 -5026 -5025 -5019 -5016 -5014 -5013 -5011 -4997 
-4996 -4991 -4988 -4984 -4980 -4974 -4973 -4973 -4964 -4958 -4957 -4953 -4952 -4943 -4940 -4940 -4938 -4938 -4938 -4933 -4932 -4929 -4926 -4924 -4920 
-4917 -4908 -4905 -4901 -4894 -4892 -4892 -4890 -4889 -4889 -4883 -4871 -4869 -4866 -4861 -4859 -4859 -4852 -4845 -4842 -4834 -4834 -4832 -4832 -4831 
-4831 -4827 -4825 -4819 -4810 -4808 -4807 -4804 -4804 -4803 -4802 -4801 -4798 -4797 -4791 -4788 -4786 -4778 -4778 -4773 -4770 -4764 -4762 -4758 -4758 
-4754 -4753 -4752 -4751 -4750 -4747 -4746 -4746 -4741 -4740 -4731 -4721 -4720 -4715 -4715 -4714 -4713 -4710 -4704 -4702 -4698 -4694 -4692 -4688 -4682 
-4682 -4681 -4680 -4676 -4672 -4670 -4669 -4660 -4645 -4641 -4641 -4631 -4628 -4626 -4620 -4614 -4606 -4605 -4605 -4603 -4602 -4600 -4598 -4595 -4591 
-4589 -4588 -4579 -4576 -4572 -4572 -4568 -4568 -4564 -4560 -4554 -4540 -4539 -4536 -4535 -4533 -4533 -4532 -4532 -4523 -4522 -4522 -4520 -4519 -4517 
-4516 -4513 -4509 -4508 -4507 -4506 -4505 -4503 -4501 -4498 -4496 -4490 -4487 -4480 -4480 -4475 -4472 -4469 -4457 -4451 -4446 -4445 -4437 -4436 -4435 
-4431 -4427 -4426 -4421 -4410 -4405 -4399 -4398 -4392 -4391 -4388 -4385 -4384 -4378 -4374 -4372 -4370 -4369 -4354 -4336 -4334 -4330 -4329 -4329 -4323 
-4314 -4312 -4306 -4299 -4298 -4292 -4284 -4276 -4270 -4267 -4261 -4251 -4249 -4240 -4236 -4234 -4230 -4228 -4225 -4215 -4211 -4210 -4204 -4198 -4196 
-4195 -4192 -4181 -4179 -4178 -4175 -4172 -4168 -4166 -4156 -4143 -4143 -4139 -4139 -4137 -4136 -4130 -4127 -4127 -4116 -4108 -4103 -4102 -4093 -4088 
-4084 -4079 -4076 -4067 -4065 -4057 -4047 -4034 -4032 -4030 -4029 -4028 -4027 -4026 -4021 -4015 -4013 -4004 -4001 -3997 -3995 -3994 -3980 -3973 -3970 
-3967 -3966 -3955 -3944 -3937 -3932 -3925 -3923 -3921 -3920 -3920 -3916 -3911 -3904 -3903 -3902 -3899 -3871 -3868 -3859 -3858 -3857 -3852 -3851 -3850 
-3849 -3846 -3845 -3832 -3832 -3831 -3830 -3828 -3824 -3815 -3813 -3811 -3811 -3811 -3810 -3804 -3803 -3787 -3784 -3780 -3773 -3769 -3769 -3766 -3764 
-3762 -3757 -3755 -3753 -3747 -3741 -3741 -3740 -3737 -3736 -3735 -3732 -3725 -3719 -3717 -3705 -3703 -3703 -3695 -3693 -3685 -3679 -3678 -3672 -3668 
-3667 -3665 -3658 -3657 -3651 -3630 -3630 -3629 -3625 -3614 -3613 -3607 -3595 -3592 -3590 -3587 -3580 -3579 -3577 -3572 -3571 -3566 -3560 -3559 -3555 
-3550 -3548 -3546 -3545 -3543 -3540 -3535 -3531 -3528 -3526 -3521 -3516 -3513 -3513 -3510 -3498 -3492 -3491 -3488 -3486 -3483 -3483 -3482 -3482 -3477 
-3473 -3468 -3467 -3465 -3459 -3443 -3440 -3438 -3434 -3433 -3427 -3424 -3418 -3415 -3415 -3410 -3409 -3406 -3399 -3398 -3395 -3390 -3390 -3368 -3366 
-3357 -3355 -3350 -3343 -3342 -3335 -3308 -3306 -3301 -3301 -3283 -3275 -3274 -3273 -3267 -3267 -3266 -3261 -3261 -3260 -3254 -3253 -3244 -3244 -3244 
-3243 -3237 -3226 -3222 -3219 -3215 -3206 -3205 -3194 -3193 -3193 -3191 -3183 -3178 -3171 -3169 -3156 -3151 -3150 -3149 -3145 -3142 -3140 -3135 -3135 
-3129 -3127 -3126 -3123 -3119 -3117 -3104 -3103 -3098 -3092 -3084 -3083 -3078 -3072 -3071 -3068 -3064 -3063 -3058 -3051 -3049 -3048 -3045 -3044 -3042 
-3039 -3037 -3023 -3022 -3018 -3015 -3010 -3002 -2992 -2990 -2989 -2988 -2986 -2977 -2972 -2968 -2967 -2960 -2956 -2941 -2937 -2934 -2917 -2914 -2908 
-2899 -2898 -2898 -2888 -2883 -2883 -2869 -2867 -2863 -2861 -2858 -2854 -2849 -2845 -2840 -2840 -2839 -2832 -2830 -2827 -2824 -2822 -2822 -2819 -2818 
-2817 -2816 -2814 -2807 -2806 -2800 -2799 -2798 -2796 -2796 -2795 -2787 -2777 -2776 -2765 -2763 -2761 -2759 -2754 -2751 -2749 -2747 -2747 -2744 -2743 
-2741 -2735 -2734 -2733 -2733 -2732 -2727 -2725 -2720 -2720 -2719 -2718 -2713 -2712 -2711 -2708 -2700 -2698 -2692 -2687 -2672 -2671 -2667 -2660 -2656 
-2649 -2648 -2636 -2631 -2628 -2624 -2617 -2615 -2610 -2607 -2605 -2605 -2604 -2599 -2589 -2588 -2587 -2584 -2582 -2578 -2577 -2574 -2567 -2562 -2556 
-2551 -2546 -2544 -2542 -2541 -2541 -2539 -2526 -2522 -2521 -2521 -2479 -2476 -2474 -2471 -2470 -2468 -2466 -2464 -2463 -2462 -2457 -2454 -2446 -2443 
-2441 -2425 -2424 -2423 -2421 -2419 -2409 -2408 -2402 -2400 -2400 -2396 -2391 -2385 -2384 -2383 -2382 -2380 -2378 -2378 -2371 -2367 -2367 -2354 -2340 
-2331 -2328 -2327 -2322 -2315 -2311 -2308 -2305 -2304 -2296 -2283 -2264 -2258 -2255 -2249 -2244 -2243 -2241 -2241 -2232 -2226 -2225 -2224 -2224 -2220 
-2219 -2219 -2206 -2205 -2195 -2180 -2180 -2173 -2170 -2169 -2166 -2160 -2157 -2155 -2146 -2145 -2139 -2133 -2129 -2129 -2124 -2120 -2116 -2116 -2115 
-2113 -2113 -2108 -2106 -2104 -2096 -2091 -2090 -2088 -2086 -2082 -2080 -2079 -2077 -2076 -2072 -2068 -2068 -2064 -2055 -2052 -2049 -2047 -2046 -2035 
-2028 -2028 -2028 -2025 -2019 -2004 -1997 -1997 -1993 -1993 -1988 -1980 -1972 -1964 -1952 -1952 -1947 -1946 -1945 -1944 -1940 -1922 -1922 -1916 -1914 
-1897 -1894 -1888 -1887 -1886 -1885 -1884 -1882 -1881 -1879 -1875 -1866 -1864 -1855 -1851 -1844 -1834 -1831 -1822 -1817 -1807 -1806 -1802 -1802 -1797 
-1792 -1786 -1785 -1781 -1775 -1765 -1762 -1760 -1754 -1751 -1745 -1742 -1741 -1739 -1737 -1729 -1728 -1726 -1722 -1718 -1713 -1707 -1700 -1699 -1697 
-1694 -1689 -1678 -1674 -1668 -1668 -1653 -1649 -1644 -1644 -1639 -1635 -1630 -1628 -1625 -1622 -1619 -1618 -1618 -1617 -1616 -1616 -1613 -1606 -1601 
-1591 -1587 -1581 -1574 -1568 -1559 -1555 -1553 -1552 -1547 -1545 -1543 -1541 -1536 -1520 -1510 -1500 -1494 -1494 -1493 -1490 -1490 -1490 -1486 -1484 
-1482 -1473 -1467 -1466 -1460 -1453 -1452 -1451 -1446 -1443 -1442 -1434 -1431 -1429 -1425 -1419 -1415 -1415 -1413 -1412 -1411 -1405 -1393 -1392 -1388 
-1385 -1377 -1377 -1376 -1372 -1371 -1369 -1368 -1366 -1362 -1360 -1360 -1358 -1356 -1345 -1344 -1342 -1339 -1330 -1330 -1328 -1323 -1316 -1315 -1314 
-1314 -1312 -1312 -1308 -1308 -1307 -1298 -1297 -1296 -1295 -1294 -1293 -1292 -1290 -1286 -1285 -1283 -1282 -1282 -1279 -1277 -1261 -1256 -1254 -1254 
-1254 -1251 -1239 -1239 -1234 -1232 -1231 -1225 -1220 -1220 -1219 -1219 -1216 -1209 -1207 -1207 -1204 -1201 -1194 -1188 -1185 -1175 -1171 -1166 -1165 
-1162 -1159 -1153 -1151 -1148 -1145 -1143 -1139 -1136 -1123 -1118 -1114 -1114 -1110 -1109 -1103 -1093 -1092 -1089 -1085 -1071 -1061 -1060 -1055 -1054 
-1052 -1051 -1051 -1042 -1037 -1036 -1033 -1028 -1019 -1008  -999  -992  -989  -981  -975  -970  -970  -969  -956  -936  -928  -926  -923  -922  -922 
 -921  -915  -907  -906  -904  -901  -900  -896  -891  -887  -887  -874  -869  -863  -861  -858  -858  -857  -853  -850  -848  -838  -830  -828  -827 
 -826  -823  -820  -815  -812  -811  -810  -809  -809  -803  -802  -794  -791  -790  -778  -770  -767  -767  -763  -762  -755  -753  -752  -746  -739 
 -722  -714  -709  -705  -703  -698  -696  -695  -695  -692  -689  -686  -682  -677  -675  -671  -668  -660  -658  -658  -657  -653  -648  -648  -642 
 -620  -616  -616  -615  -615  -614  -614  -604  -604  -604  -603  -602  -594  -589  -588  -584  -582  -580  -578  -569  -566  -552  -552  -552  -548 
 -541  -536  -536  -535  -534  -519  -514  -507  -504  -500  -498  -498  -483  -476  -475  -475  -468  -467  -463  -458  -458  -456  -455  -449  -446 
 -443  -431  -428  -428  -425  -417  -416  -414  -397  -395  -392  -378  -374  -363  -359  -357  -348  -347  -344  -338  -335  -335  -326  -326  -318 
 -317  -315  -309  -308  -307  -297  -295  -289  -279  -276  -267  -263  -263  -260  -248  -244  -237  -226  -218  -217  -215  -206  -205  -202  -193 
 -193  -169  -166  -160  -160  -158  -142  -139  -137  -131  -128  -120  -117  -114  -103  -103  -102   -89   -78   -75   -73   -61   -61   -50   -49 
  -48   -48   -44   -44   -28   -23   -22   -16    -7    -4    -3    -2     0     3     4    10    11    17    23    34    37    39    40    42    49 
   49    55    57    62    62    63    75    77    77    78    81    92    98   110   113   117   118   118   119   128   136   138   140   144   147 
  148   148   154   155   161   169   175   180   182   193   197   200   205   208   210   210   213   217   218   219   221   226   229   230   233 
  237   238   239   250   251   253   257   271   278   291   302   302   310   310   311   311   312   313   314   319   332   333   333   335   337 
  342   345   359   372   374   388   401   403   406   408   415   424   425   425   444   451   453   461   462   469   486   487   489   501   504 
  505   510   518   520   527   531   532   534   535   541   551   552   555   555   561   570   574   577   579   581   584   586   586   586   587 
  589   592   595   607   607   609   610   614   617   618   625   626   631   642   650   651   651   651   652   654   656   659   661   665   673 
  676   680   681   681   683   687   688   691   691   697   704   705   710   711   712   712   713   718   720   734   735   738   739   750   751 
  754   762   768   768   775   776   777   782   786   787   789   792   795   795   801   802   803   805   808   816   825   826   827   841   844 
  845   850   851   852   853   855   855   861   861   863   865   869   870   877   878   880   885   890   890   891   896   901   901   901   925 
  930   937   938   939   940   941   955   955   967   974   990   990   995   996  1002  1009  1010  1011  1011  1012  1029  1034  1042  1049  1053 
 1056  1060  1066  1068  1079  1082  1092  1095  1095  1095  1110  1114  1116  1120  1120  1125  1127  1128  1128  1130  1130  1130  1131  1132  1137 
 1145  1150  1154  1161  1163  1170  1174  1175  1194  1194  1194  1197  1200  1212  1221  1224  1235  1238  1240  1252  1258  1264  1267  1267  1270 
 1275  1277  1288  1289  1290  1294  1301  1314  1329  1331  1331  1332  1338  1338  1344  1351  1356  1359  1363  1363  1364  1366  1368  1375  1375 
 1380  1383  1387  1395  1395  1403  1411  1411  1420  1427  1430  1430  1432  1432  1437  1441  1442  1445  1448  1452  1453  1457  1460  1463  1470 
 1470  1474  1474  1476  1476  1476  1479  1482  1491  1492  1493  1493  1509  1520  1522  1523  1528  1530  1532  1533  1538  1543  1546  1548  1548 
 1560  1561  1562  1564  1569  1574  1575  1582  1582  1595  1597  1603  1604  1605  1623  1633  1638  1641  1650  1654  1657  1660  1660  1663  1664 
 1685  1688  1706  1711  1713  1724  1735  1747  1753  1753  1760  1766  1774  1776  1776  1777  1783  1788  1795  1797  1806  1811  1813  1815  1824 
 1828  1830  1839  1845  1856  1858  1861  1867  1873  1888  1889  1896  1905  1905  1909  1909  1911  1925  1930  1932  1944  1951  1952  1957  1958 
 1958  1961  1962  1964  1964  1964  1973  1974  1975  1983  1986  1989  1997  2011  2027  2040  2043  2048  2049  2051  2054  2059  2068  2071  2079 
 2080  2089  2090  2094  2095  2097  2101  2104  2107  2111  2112  2123  2127  2128  2136  2137  2140  2144  2147  2148  2156  2158  2177  2177  2180 
 2182  2191  2194  2196  2200  2206  2213  2214  2227  2227  2231  2233  2234  2246  2249  2256  2259  2264  2271  2274  2275  2277  2281  2282  2285 
 2287  2291  2291  2303  2306  2306  2311  2311  2311  2318  2319  2323  2324  2334  2340  2346  2350  2351  2357  2358  2360  2365  2368  2369  2369 
 2371  2385  2400  2401  2404  2406  2411  2414  2421  2426  2427  2431  2440  2444  2446  2452  2457  2460  2462  2468  2472  2476  2479  2483  2488 
 2495  2502  2506  2509  2510  2511  2518  2531  2533  2536  2541  2542  2561  2566  2570  2576  2584  2585  2598  2599  2600  2602  2603  2610  2610 
 2611  2611  2613  2624  2625  2634  2636  2647  2662  2665  2667  2667  2676  2678  2678  2679  2684  2691  2691  2699  2706  2710  2717  2722  2724 
 2730  2730  2740  2740  2744  2747  2756  2756  2756  2765  2771  2771  2772  2776  2784  2785  2790  2790  2792  2792  2802  2806  2815  2819  2831 
 2845  2846  2854  2857  2858  2861  2865  2870  2877  2880  2888  2893  2896  2897  2898  2898  2899  2905  2919  2922  2924  2926  2937  2947  2948 
 2956  2958  2961  2962  2964  2967  2970  2972  2976  2977  2982  2985  2991  3005  3012  3022  3030  3032  3035  3035  3044  3044  3044  3063  3066 
 3072  3075  3077  3085  3088  3089  3092  3108  3110  3111  3121  3121  3122  3133  3137  3137  3140  3141  3151  3154  3155  3157  3157  3158  3160 
 3160  3161  3164  3166  3168  3187  3187  3187  3188  3213  3216  3226  3229  3231  3234  3234  3243  3244  3247  3247  3248  3248  3249  3250  3252 
 3253  3254  3256  3259  3268  3268  3268  3269  3272  3290  3293  3297  3304  3306  3316  3316  3320  3321  3324  3326  3328  3330  3330  3342  3346 
 3348  3349  3355  3359  3366  3367  3373  3377  3386  3397  3399  3404  3407  3413  3416  3418  3419  3423  3424  3424  3435  3439  3441  3441  3441 
 3442  3457  3479  3480  3482  3485  3487  3491  3493  3494  3495  3499  3501  3503  3508  3509  3519  3522  3533  3543  3553  3558  3565  3566  3571 
 3572  3579  3585  3594  3599  3609  3609  3610  3611  3616  3617  3619  3620  3621  3625  3629  3630  3631  3641  3642  3650  3654  3660  3660  3662 
 3667  3671  3672  3679  3690  3692  3700  3703  3706  3709  3711  3712  3712  3713  3714  3714  3718  3721  3724  3725  3727  3734  3746  3749  3750 
 3760  3768  3769  3770  3771  3776  3778  3778  3780  3781  3781  3783  3785  3785  3787  3799  3800  3801  3803  3805  3807  3808  3809  3815  3819 
 3824  3831  3832  3833  3836  3838  3846  3858  3867  3872  3874  3874  3881  3882  3883  3883  3885  3890  3891  3893  3898  3899  3911  3911  3915 
 3916  3916  3920  3923  3924  3928  3931  3937  3948  3953  3960  3962  3969  3977  3978  3994  4005  4009  4009  4011  4013  4015  4015  4019  4030 
 4031  4033  4046  4051  4056  4058  4062  4062  4067  4078  4079  4084  4088  4092  4096  4097  4099  4112  4113  4115  4121  4126  4126  4126  4130 
 4131  4134  4138  4142  4143  4158  4161  4163  4164  4167  4171  4171  4176  4178  4178  4178  4189  4191  4204  4204  4207  4212  4216  4216  4217 
 4218  4218  4228  4229  4230  4254  4259  4278  4285  4291  4298  4300  4306  4310  4315  4316  4318  4319  4328  4333  4338  4338  4343  4343  4351 
 4365  4373  4379  4382  4384  4386  4392  4394  4396  4396  4398  4402  4409  4414  4415  4419  4422  4423  4424  4436  4440  4444  4449  4450  4462 
 4463  4463  4466  4473  4482  4483  4486  4489  4492  4499  4511  4512  4514  4519  4522  4524  4529  4530  4532  4535  4541  4544  4551  4554  4560 
 4566  4567  4568  4576  4580  4582  4583  4588  4590  4591  4602  4605  4613  4617  4626  4628  4631  4637  4638  4639  4640  4643  4644  4648  4655 
 4655  4656  4667  4668  4669  4672  4684  4686  4688  4690  4692  4704  4706  4709  4710  4714  4719  4725  4728  4733  4740  4744  4745  4747  4748 
 4749  4752  4766  4767  4772  4775  4781  4783  4784  4786  4787  4793  4793  4801  4803  4810  4812  4817  4827  4831  4834  4845  4847  4849  4853 
 4866  4868  4873  4875  4876  4877  4878  4879  4879  4887  4892  4907  4908  4911  4919  4921  4928  4935  4936  4942  4950  4955  4955  4969  4977 
 4996  4999  5001  5003  5005  5009  5013  5013  5031  5034  5044  5046  5054  5054  5060  5067  5071  5077  5078  5084  5088  5091  5093  5104  5106 
 5114  5117  5118  5120  5124  5126  5132  5139  5155  5162  5163  5164  5169  5180  5186  5188  5191  5201  5201  5202  5204  5212  5228  5228  5232 
 5239  5240  5250  5251  5253  5260  5261  5261  5264  5268  5269  5276  5282  5290  5291  5292  5294  5303  5322  5327  5332  5340  5342  5346  5349 
 5353  5358  5364  5365  5370  5372  5375  5377  5381  5382  5382  5388  5401  5401  5401  5404  5409  5414  5420  5421  5424  5425  5441  5445  5454 
 5466  5473  5475  5480  5480  5480  5480  5480  5488  5488  5490  5493  5508  5516  5524  5532  5533  5546  5550  5559  5576  5579  5583  5583  5590 
 5590  5590  5592  5602  5607  5617  5621  5624  5625  5626  5626  5626  5627  5629  5631  5639  5642  5644  5645  5648  5650  5650  5651  5652  5656 
 5658  5658  5665  5667  5684  5687  5696  5699  5700  5700  5709  5714  5716  5724  5726  5735  5746  5753  5755  5756  5759  5767  5770  5771  5773 
 5778  5785  5787  5787  5792  5794  5794  5796  5807  5807  5812  5824  5836  5838  5841  5842  5842  5845  5853  5855  5867  5869  5876  5878  5880 
 5882  5884  5887  5890  5891  5893  5893  5894  5896  5897  5899  5907  5914  5924  5924  5924  5927  5929  5938  5938  5939  5943  5947  5955  5966 
 5968  5971  5974  5978  5979  5983  5985  6000  6001  6007  6008  6015  6018  6019  6020  6021  6022  6028  6031  6038  6039  6041  6048  6048  6050 
 6055  6056  6057  6062  6063  6066  6069  6070  6071  6079  6080  6082  6083  6090  6092  6097  6101  6104  6105  6106  6118  6120  6126  6128  6131 
 6131  6132  6136  6137  6140  6142  6154  6154  6156  6160  6161  6165  6176  6178  6192  6193  6195  6204  6205  6209  6209  6214  6215  6236  6240 
 6242  6243  6245  6247  6263  6266  6267  6269  6281  6284  6286  6287  6296  6296  6296  6300  6301  6302  6304  6305  6310  6313  6314  6316  6334 
 6336  6336  6342  6344  6346  6346  6359  6370  6372  6374  6382  6382  6385  6396  6397  6407  6408  6409  6417  6418  6423  6424  6425  6440  6448 
 6463  6463  6469  6473  6476  6476  6478  6481  6491  6491  6499  6502  6504  6505  6505  6506  6506  6518  6531  6533  6537  6541  6542  6550  6551 
 6552  6561  6570  6570  6572  6579  6583  6586  6591  6594  6601  6604  6607  6612  6616  6619  6627  6628  6630  6634  6646  6654  6655  6656  6656 
 6659  6661  6662  6674  6675  6677  6678  6682  6682  6691  6694  6695  6698  6708  6709  6711  6720  6722  6722  6744  6747  6751  6752  6752  6755 
 6759  6760  6762  6762  6766  6768  6781  6788  6794  6794  6794  6797  6802  6803  6809  6814  6822  6824  6825  6825  6826  6826  6830  6832  6833 
 6833  6847  6847  6857  6859  6860  6862  6866  6867  6869  6873  6877  6877  6879  6882  6893  6904  6915  6915  6917  6922  6936  6936  6939  6941 
 6945  6949  6953  6961  6962  6966  6969  6972  6974  6984  6984  6986  6986  6994  6996  6998  7016  7017  7018  7019  7019  7019  7020  7028  7033 
 7036  7036  7040  7044  7052  7053  7054  7060  7062  7065  7074  7083  7089  7110  7114  7117  7127  7138  7139  7150  7150  7157  7159  7161  7181 
 7181  7199  7204  7207  7209  7216  7216  7217  7218  7219  7219  7225  7228  7237  7237  7240  7243  7249  7249  7249  7252  7257  7258  7261  7265 
 7277  7281  7290  7297  7297  7306  7306  7321  7324  7326  7330  7345  7348  7351  7354  7356  7356  7359  7363  7366  7370  7374  7376  7387  7387 
 7387  7388  7393  7393  7394  7395  7395  7398  7402  7409  7421  7424  7433  7433  7443  7449  7455  7458  7470  7471  7478  7478  7485  7493  7495 
 3853 -6820 -2404 -1409 -6662 -1844 -4286 -4730 -5830 -7045  7474  1543  7019 -1564 -5002  3012 -5313 -5553 -4261  6320  6016  7354  -459  2683 -5342 
 6058  3160  -920 -4929  2623 -6206 -2818  6505 -4542 -2571 -1962  6868 -5851 -5901 -4072 -6751   711  6399 -3605 -1160 -7489  1097 -3449  4713 -6756 
  207  6512 -7286 -3452 -4077  3872 -6858  6640 -5591 -5559 -6660 -5076  6986  2014  5368 -3272   296  7285 -5716 -4158 -7254  3279  1082 -4832 -7087 
  278  3160 -1492 -2344  3983 -4034  6140  6170  4686 -5761 -5675   466 -6245 -1314  -831 -3075  1372  4315 -2912  6116 -5431 -7155  6261 -5122  5715 
-7134 -6463   539 -6238 -5692  6838  2086  5014  3348 -3258 -5322  1895 -5258  1903 -3322 -5648 -2821  6446  1312 -4439   -98  1106 -6242 -6734   359 
  745 -7106 -1561  4658  5624  6360  3736  5647 -6545  -119  3459  2346 -2110 -1110 -3258 -5300  6750 -4950 -4652 -4350 -7332 -3186  5580 -1116   120 
 3958 -1777 -5222 -1729  5637  -986 -6999    34  1389  6854  3769  4753  3660 -4988   989  4327  7129 -4143 -4311  5034 -4134 -7371 -7260  6747 -5453 
-4254  1076  1172 -5665  1163  3099  2304  6788  -218  1317 -3447 -4151  3526   165 -7218 -4219 -5080 -7482   883  7201  4235   253  5804   -73 -5917 
 3146  3337  6525  2569 -3909 -3601   763 -4805  2250  4681 -5436 -7314 -4506 -4126 -4462  6220  5832 -2562 -1872  4973    -1  3796 -6858  2918 -6739 
-4854  5612  2648  3959  4516  4871 -3560 -1466  5704 -2418   774 -3635 -7111  4711  4381 -1820  -641 -7269 -7243  6440 -6549 -6169  -140 -4289  7482 
-1763  5314 -5184  1564 -2104 -4233 -3339 -2325  2319  1988 -5448  1312 -5156 -7428  4517 -2661 -7210  4716 -2896  2080 -5775  -307  3953 -4094  1633 
    9  3230  -891 -2355   965 -3874 -3932 -4852 -4701 -3910 -3442  -946  3561 -5541 -1967 -3810  2782 -6354   722  1149   594 -5698 -2659  7401   124 
-6754  3518 -4974  -603 -5332 -6083  5035  -904  7321 -6633 -6927  2204   556 -6286 -5668  6171  2755 -6535  -956  5502 -1588 -5217 -4639  1050   843 
-5212 -2559 -2802  -591 -2888 -5130 -5714 -5575  6498 -4279 -3071 -5733  1991   -90 -6535 -5135 -1271 -1433  5357  3558  3238 -7234 -2040 -7094   656 
 -115   965 -5884 -6846  -531  2133 -1159   943  7497 -2984  1901 -6882  2397 -7257  7201 -6003  -498 -5163 -4995 -6848 -1969 -2946 -3823 -3620 -4539 
 2375  4703  5286  6160 -5511  4337 -3753 -6289  1200 -7285  7375 -5876  6863  5570  -341 -2556  2084 -5612   722  1973  -700 -7173 -3492  5215   840 
-5851 -5569 -5625 -2409  1797 -2747  2977  -150  4640  6107 -6037 -5461 -6003  7041 -4454 -4604 -1867 -1663 -1329  2097  5883 -3203 -1467 -3683 -2209 
 2057  3268  6546  -513 -5093 -6474 -4936 -7192  6754 -6812 -1172  5894   967  4391 -5452  5093  4781 -2872  -488  3005 -5948  4999 -3149  3134  1468 
-3276 -6519 -6202  3497 -7338 -6732  4107 -7382   750  5330 -5474  5352 -2011  -488 -2894  6109 -5846  5540  2332  1353  -838  7344 -4965 -6779  3107 
-4764  5464  2516 -3200 -5965 -6738 -6677  5635   -78 -4207 -3717   791  -569 -4653 -3733  -673 -6942  2219   -87  2809 -6410 -7460  3557 -3241  5761 
 -330  1460 -1426  4284  2813  6704 -5206 -2604  6348 -3124  4096  2297 -2625 -5005 -4042 -3654 -3025  4727 -2710   406  5131 -5836  3707 -7371  4297 
 4883  4010  4115  6327 -6482  4226 -5921 -2136 -1451  6795 -3943  -978  2275  2648 -3366 -1912 -6969  6325 -2848 -5126 -4061 -4716  6475  5444 -6217 
 3889  1969 -5673  5304 -3731   729  1124 -1471  5505 -2457    52  5485   212  5579  2094 -6432  3111 -4242  3101  3641 -7435  5151    43  6627  -895 
-1239  -997 -3791 -7294  4515   164  3158  -333  6769  5411  2043  6964 -2697  1056 -4427  1325  2736  3085  4541   948  4129 -6063  4978  1930  1123 
-5502  6812 -3050  6169  1268  3691  4880 -3075 -4746   926    -8  4001 -4675  6767  1594  4863 -6894  4041  1174 -3914 -1686  4952  2856  3200 -4661 
-6392   333  -374 -3102  7156  2246 -5470  1511 -2140 -2530 -3832 -5553  3298 -3256 -1148  2962 -6958  4236 -6575  -720 -2787 -1012  6480  5981  2086 
-4210 -5928 -4892 -2952 -3398 -5689  2805 -4327  7067   224  6944 -4073  1472 -6473  2977 -6007  3999 -6814 -4745 -7324  7379 -3611 -5229 -3889 -2554 
 6134  5076  -386  1291  3725 -1855  1502  -797 -5191 -2716 -3538 -5281 -2843  -749 -7384 -1945  2865 -3565  2401 -6158 -5224  3282 -3050  2914  5222 
-4234  1034  2352 -1207 -6658  -720  4194   -99   -80  7235 -4172  3344 -2976 -6257 -3692 -5427 -4625  7012  6187 -3072  4525  5326  1707  2750 -2573 
-6934 -6289  5639  5121 -2634  4861 -4876 -2786  6793 -2651   -41 -4822 -6000  -512 -4880 -2050 -4675  -486  -512 -4415 -6906   203 -3805 -2620 -3274 
  102 -6542  4019 -4185  5167  1637 -6095 -5835 -1150  7056 -5500  3178  6456  2940  6061 -2407 -7354 -6575  4560 -2678 -2391 -3385 -2002 -3886  7148 
 6484   109 -1622  6022   763   -75    87  3981  6757 -6331  -535  4847 -5991 -3218 -6616  3851 -6561 -4792 -2612  5285 -6436  5162 -5243  1935 -4333 
 -389 -5344  1573 -3173 -6944   517   881  2764 -2582 -2691 -5132 -1845  2098   790 -5607 -3533 -2274  3424 -7399 -4094  1662  5396  5663 -7221  2106 
-5870 -4030 -5906  4303  7121  5731  -495 -6529   953  3132  5392 -6422 -3573   754  1937  2651 -5093 -6182 -5724 -2853  6747   799 -3119 -6253 -1264 
-7153 -5612 -1685  6318  -352  4300 -6630 -5162  6872 -1292 -2037 -6096  7432  2931 -2411  5054   541 -3733  4181 -6811  -841  2250  -747 -5448 -3019 
 2753 -4218  2318  3304  -306  5370 -6253 -7323 -7455  3438  5954 -7006 -4729   -47 -3456  1784 -5688 -7449 -5391   558 -5892 -5510 -4661 -6975 -1097 
 5874 -5637 -6392  4359 -3782  4695  2202  7070  2875 -3920 -6161 -3758 -4289  4637  6218  1189   656  1620  3540 -5797 -6114  6879  7071  7138  6403 
 7421 -4017 -2454  7248  6318  4081  4306  2664 -2276  1734  5794   849 -3386  5533 -7099  -306 -6409  4988 -4732    32  3710   799   985  6054  6551 
 3709 -6291  2746 -6461  -464 -3865 -5219  6970 -2534  3458  6710 -5734   938 -1028  2183  4731  1286 -5744   994 -5576 -2707  3013  5499  6860 -6082 
 5157 -4163 -7190  3552 -7439 -2888 -1805  3814  1050  7419 -2414 -4751  -947  -122 -5128 -3881 -3835 -2427  -110 -3201  5957 -3239  1589  5138  -674 
-2186 -6633  4306 -2105 -1820  3808   686  6700 -5524  -619  4282 -4665 -6759 -1250  1521 -4113  -662  -384  -980 -2578   815 -5807  3174 -4837 -4926 
-2101  -865 -3962 -3814 -4046 -4254 -1482  5780 -2308 -5637  4595  3087  2641 -7300 -4671 -5453  6991 -7407  2512  4078  4096  5145  5293 -4519  -878 
 4391  1038  3641  7214 -7252  4586  7234 -5869  1387 -5681 -1122  1932 -3777 -6541  4907  6072 -1005   649 -5267 -4753  5258 -3882  4021 -6785  1297 
-6678 -4880 -1204  2058 -4021  1669 -4871 -6357  5715  -903 -2340 -4217 -4554 -1855  2258  6264 -5841  5714 -2158  4798  5948   757 -1050  1766  2919 


