NearlySorted, 10000

-14997 -14994 -14986 -14986 -14984 -14983 -14981 -14962 -14961 -14958 -14956 -14950 -14948 -14947 -14946 -14945 -14944 -14944 -14942 -14940 -14939 -14935 -14931 -14929 -14927 
-14927 -14926 -14921 -14920 -14919 -14919 -14918 -14914 -14914 -14913 -14912 -14911 -14911 -14910 -14908 -14906 -14901 -14901 -14900 -14893 -14891 -14890 -14878 -14878 -14878 
-14876 -14875 -14874 -14873 -14872 -14871 -14863 -14863 -14861 -14860 -14859 -14858 -14857 -14854 -14851 -14847 -14847 -14847 -14845 -14842 -14841 -14841 -14836 -14835 -14833 
-14829 -14828 -14824 -14824 -14823 -14818 -14814 -14814 -14810 -14806 -14805 -14804 -14804 -14801 -14800 -14796 -14791 -14790 -14790 -14788 -14786 -14786 -14786 -14785 -14785 
-14782 -14779 -14776 -14767 -14766 -14766 -14764 -14764 -14763 -14761 -14756 -14754 -14754 -14750 -14743 -14741 -14739 -14738 -14728 -14728 -14718 -14718 -14712 -14708 -14708 
-14708 -14708 -14704 -14703 -14701 -14700 -14700 -14697 -14695 -14685 -14680 -14680 -14677 -14667 -14667 -14665 -14665 -14665 -14664 -14662 -14662 -14657 -14656 -14656 -14656 
-14654 -14651 -14650 -14649 -14648 -14647 -14644 -14640 -14632 -14632 -14631 -14627 -14625 -14622 -14621 -14618 -14615 -14614 -14612 -14611 -14607 -14606 -14603 -14597 -14596 
-14592 -14588 -14587 -14586 -14584 -14584 -14583 -14583 -14582 -14581 -14577 -14576 -14575 -14574 -14570 -14570 -14569 -14568 -14566 -14563 -14560 -14555 -14554 -14554 -14553 
-14553 -14551 -14549 -14547 -14534 -14532 -14530 -14528 -14520 -14519 -14517 -14511 -14509 -14505 -14503 -14502 -14499 -14496 -14496 -14486 -14480 -14480 -14478 -14476 -14474 
-14473 -14470 -14468 -14466 -14465 -14462 -14461 -14459 -14455 -14448 -14448 -14447 -14445 -14444 -14442 -14440 -14438 -14435 -14431 -14429 -14429 -14427 -14427 -14425 -14423 
-14421 -14417 -14417 -14415 -14415 -14414 -14413 -14406 -14405 -14403 -14399 -14399 -14399 -14394 -14386 -14382 -14381 -14381 -14380 -14378 -14373 -14373 -14371 -14370 -14369 
-14368 -14368 -14368 -14368 -14367 -14366 -14365 -14364 -14361 -14357 -14357 -14355 -14353 -14351 -14351 -14349 -14347 -14347 -14346 -14343 -14339 -14338 -14338 -14337 -14337 
-14326 -14317 -14316 -14315 -14314 -14313 -14311 -14310 -14309 -14308 -14304 -14303 -14301 -14298 -14296 -14296 -14295 -14288 -14284 -14284 -14283 -14281 -14278 -14277 -14275 
-14272 -14271 -14265 -14263 -14261 -14259 -14259 -14257 -14256 -14255 -14254 -14252 -14250 -14247 -14247 -14245 -14243 -14243 -14243 -14243 -14241 -14240 -14240 -14240 -14240 
-14235 -14235 -14234 -14233 -14232 -14232 -14226 -14222 -14219 -14214 -14214 -14211 -14209 -14208 -14205 -14202 -14197 -14196 -14193 -14192 -14190 -14189 -14184 -14183 -14181 
-14179 -14178 -14178 -14172 -14172 -14172 -14170 -14170 -14167 -14160 -14158 -14154 -14143 -14143 -14139 -14138 -14138 -14137 -14135 -14135 -14133 -14131 -14130 -14130 -14127 
-14126 -14123 -14120 -14119 -14119 -14118 -14116 -14109 -14108 -14108 -14107 -14103 -14102 -14101 -14094 -14093 -14092 -14092 -14091 -14090 -14088 -14085 -14084 -14083 -14083 
-14080 -14080 -14078 -14071 -14070 -14068 -14059 -14056 -14055 -14053 -14053 -14052 -14052 -14050 -14048 -14048 -14048 -14044 -14043 -14042 -14040 -14039 -14034 -14033 -14033 
-14031 -14030 -14027 -14027 -14024 -14021 -14014 -14013 -14013 -14012 -14011 -14010 -14008 -14000 -13997 -13993 -13991 -13990 -13988 -13986 -13985 -13983 -13980 -13973 -13970 
-13969 -13969 -13961 -13961 -13952 -13949 -13948 -13948 -13948 -13946 -13945 -13945 -13940 -13940 -13940 -13940 -13938 -13935 -13931 -13930 -13928 -13927 -13926 -13924 -13924 
-13922 -13921 -13918 -13912 -13911 -13908 -13905 -13905 -13902 -13897 -13897 -13895 -13894 -13892 -13890 -13886 -13882 -13881 -13881 -13877 -13877 -13876 -13874 -13872 -13868 
-13867 -13867 -13866 -13865 -13864 -13864 -13863 -13861 -13857 -13856 -13855 -13854 -13854 -13852 -13849 -13849 -13842 -13842 -13840 -13839 -13837 -13837 -13833 -13828 -13826 
-13826 -13823 -13822 -13821 -13820 -13819 -13819 -13817 -13816 -13815 -13815 -13813 -13807 -13806 -13803 -13801 -13800 -13800 -13799 -13798 -13797 -13795 -13790 -13789 -13787 
-13786 -13786 -13783 -13782 -13781 -13780 -13776 -13776 -13766 -13763 -13761 -13761 -13760 -13759 -13754 -13752 -13751 -13751 -13731 -13731 -13731 -13724 -13723 -13723 -13718 
-13717 -13715 -13709 -13706 -13706 -13706 -13702 -13702 -13701 -13699 -13694 -13694 -13693 -13692 -13687 -13686 -13682 -13682 -13681 -13678 -13678 -13678 -13676 -13676 -13674 
-13674 -13672 -13669 -13667 -13667 -13667 -13661 -13655 -13655 -13655 -13653 -13653 -13652 -13651 -13646 -13646 -13643 -13638 -13637 -13636 -13629 -13624 -13620 -13620 -13614 
-13613 -13607 -13602 -13598 -13597 -13596 -13596 -13595 -13591 -13591 -13590 -13588 -13588 -13587 -13579 -13579 -13578 -13576 -13574 -13573 -13573 -13570 -13570 -13568 -13564 
-13560 -13558 -13554 -13540 -13540 -13523 -13523 -13521 -13518 -13514 -13512 -13511 -13509 -13508 -13503 -13502 -13500 -13499 -13497 -13492 -13492 -13492 -13489 -13485 -13480 
-13480 -13478 -13476 -13473 -13472 -13472 -13472 -13471 -13467 -13465 -13465 -13463 -13460 -13459 -13459 -13457 -13454 -13451 -13451 -13448 -13448 -13447 -13444 -13441 -13439 
-13437 -13434 -13434 -13432 -13428 -13423 -13422 -13420 -13419 -13417 -13416 -13413 -13409 -13408 -13406 -13405 -13404 -13401 -13397 -13394 -13393 -13393 -13393 -13392 -13390 
-13389 -13388 -13387 -13384 -13383 -13381 -13376 -13375 -13375 -13373 -13372 -13372 -13371 -13371 -13369 -13369 -13366 -13366 -13365 -13363 -13359 -13359 -13357 -13357 -13356 
-13356 -13355 -13353 -13352 -13350 -13348 -13347 -13347 -13345 -13343 -13340 -13337 -13335 -13335 -13334 -13333 -13333 -13329 -13329 -13329 -13328 -13328 -13325 -13323 -13322 
-13321 -13320 -13319 -13316 -13313 -13312 -13312 -13311 -13309 -13309 -13307 -13306 -13306 -13304 -13303 -13301 -13300 -13300 -13298 -13297 -13296 -13296 -13295 -13290 -13287 
-13286 -13286 -13285 -13282 -13279 -13278 -13276 -13275 -13275 -13275 -13271 -13270 -13267 -13266 -13259 -13259 -13255 -13249 -13245 -13244 -13244 -13243 -13241 -13236 -13235 
-13232 -13230 -13230 -13227 -13224 -13222 -13221 -13221 -13220 -13216 -13216 -13215 -13212 -13210 -13210 -13210 -13210 -13209 -13207 -13206 -13203 -13202 -13201 -13197 -13193 
-13192 -13192 -13190 -13186 -13186 -13183 -13182 -13182 -13180 -13178 -13177 -13177 -13176 -13173 -13170 -13169 -13166 -13166 -13165 -13165 -13164 -13163 -13160 -13160 -13160 
-13152 -13152 -13152 -13151 -13149 -13147 -13146 -13145 -13141 -13140 -13138 -13136 -13132 -13130 -13129 -13124 -13120 -13120 -13117 -13115 -13114 -13114 -13112 -13111 -13109 
-13108 -13107 -13105 -13099 -13092 -13090 -13087 -13086 -13086 -13082 -13081 -13077 -13074 -13074 -13074 -13073 -13073 -13073 -13067 -13066 -13066 -13065 -13065 -13064 -13063 
-13060 -13057 -13057 -13056 -13055 -13055 -13054 -13052 -13051 -13050 -13048 -13046 -13042 -13042 -13042 -13040 -13038 -13037 -13034 -13030 -13029 -13028 -13028 -13025 -13025 
-13020 -13012 -13010 -13010 -13010 -13008 -13006 -13002 -12998 -12995 -12995 -12994 -12992 -12992 -12988 -12988 -12988 -12987 -12986 -12983 -12983 -12983 -12983 -12982 -12981 
-12980 -12976 -12975 -12975 -12969 -12967 -12965 -12965 -12955 -12949 -12948 -12948 -12946 -12945 -12943 -12940 -12939 -12938 -12938 -12937 -12936 -12936 -12929 -12925 -12924 
-12923 -12923 -12922 -12914 -12911 -12911 -12908 -12907 -12905 -12904 -12898 -12895 -12893 -12889 -12886 -12886 -12885 -12884 -12883 -12881 -12881 -12880 -12878 -12877 -12875 
-12873 -12873 -12872 -12871 -12870 -12868 -12866 -12859 -12852 -12851 -12851 -12849 -12847 -12846 -12843 -12841 -12841 -12840 -12833 -12832 -12828 -12827 -12827 -12827 -12826 
-12825 -12823 -12818 -12811 -12810 -12810 -12808 -12806 -12797 -12796 -12793 -12791 -12790 -12790 -12787 -12786 -12783 -12781 -12777 -12777 -12773 -12769 -12766 -12763 -12762 
-12758 -12755 -12754 -12754 -12749 -12749 -12748 -12745 -12745 -12735 -12730 -12730 -12726 -12725 -12723 -12720 -12717 -12714 -12711 -12711 -12710 -12708 -12707 -12707 -12706 
-12702 -12699 -12699 -12697 -12696 -12696 -12696 -12694 -12693 -12689 -12687 -12686 -12685 -12684 -12684 -12677 -12674 -12667 -12666 -12662 -12661 -12657 -12656 -12655 -12650 
-12647 -12643 -12639 -12639 -12638 -12635 -12635 -12630 -12626 -12626 -12625 -12619 -12618 -12615 -12610 -12610 -12607 -12604 -12603 -12602 -12601 -12596 -12594 -12593 -12592 
-12591 -12591 -12589 -12589 -12585 -12582 -12580 -12579 -12578 -12577 -12573 -12572 -12571 -12570 -12567 -12566 -12566 -12563 -12562 -12559 -12557 -12553 -12553 -12553 -12553 
-12551 -12549 -12548 -12546 -12545 -12545 -12538 -12537 -12531 -12529 -12528 -12527 -12527 -12526 -12523 -12516 -12515 -12512 -12509 -12507 -12507 -12501 -12500 -12500 -12499 
-12497 -12496 -12496 -12495 -12494 -12492 -12489 -12488 -12488 -12483 -12480 -12478 -12477 -12477 -12475 -12474 -12473 -12472 -12471 -12471 -12469 -12468 -12463 -12461 -12459 
-12459 -12458 -12456 -12455 -12455 -12454 -12452 -12449 -12449 -12448 -12446 -12446 -12445 -12443 -12441 -12438 -12438 -12438 -12434 -12429 -12427 -12426 -12425 -12425 -12424 
-12420 -12418 -12417 -12417 -12414 -12413 -12411 -12405 -12403 -12402 -12402 -12402 -12399 -12399 -12396 -12396 -12392 -12383 -12382 -12377 -12371 -12371 -12368 -12366 -12364 
-12363 -12359 -12359 -12358 -12358 -12357 -12356 -12356 -12352 -12350 -12350 -12348 -12348 -12348 -12347 -12345 -12344 -12343 -12342 -12337 -12333 -12330 -12328 -12328 -12323 
-12322 -12321 -12320 -12318 -12316 -12315 -12313 -12313 -12309 -12307 -12303 -12303 -12302 -12297 -12296 -12295 -12292 -12290 -12288 -12284 -12284 -12283 -12282 -12278 -12277 
-12276 -12275 -12273 -12272 -12269 -12269 -12266 -12265 -12263 -12262 -12261 -12261 -12252 -12248 -12245 -12244 -12243 -12237 -12236 -12234 -12230 -12224 -12222 -12221 -12213 
-12208 -12207 -12204 -12200 -12195 -12193 -12192 -12184 -12180 -12179 -12175 -12169 -12160 -12159 -12158 -12157 -12156 -12154 -12149 -12146 -12126 -12117 -12111 -12111 -12108 
-12104 -12103 -12092 -12090 -12069 -12069 -12057 -12057 -12057 -12042 -12037 -12037 -12037 -12027 -12024 -12021 -12020 -12014 -12008 -11993 -11991 -11986 -11984 -11979 -11971 
-11954 -11954 -11951 -11950 -11949 -11944 -11943 -11940 -11936 -11924 -11921 -11921 -11920 -11918 -11899 -11894 -11891 -11891 -11888 -11886 -11884 -11883 -11882 -11876 -11850 
-11850 -11849 -11848 -11845 -11838 -11838 -11837 -11828 -11822 -11820 -11815 -11808 -11800 -11794 -11793 -11793 -11792 -11787 -11782 -11778 -11777 -11776 -11774 -11767 -11763 
-11759 -11757 -11742 -11736 -11728 -11727 -11715 -11711 -11706 -11706 -11701 -11697 -11696 -11694 -11681 -11678 -11678 -11672 -11665 -11665 -11663 -11663 -11661 -11654 -11647 
-11642 -11629 -11622 -11614 -11613 -11613 -11608 -11591 -11584 -11583 -11573 -11572 -11566 -11564 -11557 -11553 -11548 -11544 -11541 -11541 -11528 -11525 -11523 -11520 -11519 
-11515 -11512 -11508 -11506 -11503 -11502 -11499 -11497 -11492 -11490 -11489 -11489 -11489 -11488 -11482 -11478 -11472 -11468 -11466 -11458 -11456 -11449 -11448 -11447 -11447 
-11446 -11443 -11439 -11434 -11433 -11432 -11426 -11416 -11413 -11412 -11411 -11409 -11406 -11402 -11397 -11380 -11378 -11376 -11363 -11356 -11350 -11344 -11341 -11340 -11335 
-11332 -11319 -11318 -11309 -11295 -11295 -11288 -11288 -11280 -11271 -11271 -11263 -11261 -11248 -11246 -11244 -11243 -11229 -11225 -11222 -11216 -11214 -11213 -11200 -11198 
-11198 -11194 -11193 -11179 -11178 -11176 -11170 -11156 -11149 -11147 -11141 -11133 -11125 -11122 -11119 -11119 -11100 -11094 -11089 -11087 -11087 -11087 -11083 -11083 -11078 
-11076 -11074 -11069 -11069 -11059 -11054 -11047 -11043 -11039 -11030 -11022 -11021 -11017 -11017 -11011 -11004 -10993 -10987 -10984 -10977 -10970 -10969 -10966 -10963 -10953 
-10938 -10932 -10925 -10923 -10905 -10904 -10904 -10901 -10892 -10878 -10873 -10871 -10870 -10870 -10851 -10851 -10848 -10844 -10843 -10837 -10837 -10833 -10831 -10831 -10828 
-10828 -10825 -10819 -10800 -10794 -10788 -10786 -10784 -10782 -10781 -10778 -10775 -10772 -10768 -10765 -10765 -10758 -10758 -10757 -10747 -10746 -10744 -10737 -10736 -10731 
-10728 -10725 -10723 -10716 -10714 -10713 -10712 -10712 -10711 -10688 -10688 -10673 -10670 -10663 -10659 -10659 -10654 -10651 -10650 -10645 -10638 -10626 -10613 -10605 -10603 
-10598 -10594 -10587 -10583 -10572 -10565 -10564 -10564 -10563 -10553 -10551 -10550 -10547 -10542 -10539 -10536 -10535 -10531 -10523 -10519 -10516 -10516 -10504 -10499 -10496 
-10494 -10493 -10489 -10487 -10483 -10476 -10472 -10468 -10467 -10465 -10464 -10463 -10462 -10460 -10460 -10452 -10446 -10445 -10442 -10441 -10440 -10439 -10430 -10418 -10416 
-10413 -10411 -10399 -10394 -10394 -10385 -10384 -10383 -10381 -10378 -10376 -10364 -10353 -10340 -10337 -10337 -10334 -10331 -10326 -10317 -10309 -10308 -10307 -10303 -10302 
-10301 -10300 -10299 -10298 -10297 -10293 -10290 -10279 -10273 -10261 -10259 -10259 -10251 -10251 -10251 -10248 -10237 -10235 -10225 -10215 -10210 -10207 -10205 -10199 -10192 
-10187 -10179 -10176 -10171 -10168 -10166 -10165 -10163 -10158 -10151 -10143 -10141 -10138 -10129 -10129 -10125 -10122 -10111 -10096 -10095 -10093 -10091 -10088 -10080 -10073 
-10067 -10063 -10061 -10056 -10056 -10056 -10051 -10047 -10046 -10045 -10044 -10044 -10039 -10032 -10032 -10030 -10027 -10021 -10021 -10014 -10010 -10006 -10006 -10005  -9988 
 -9986  -9985  -9984  -9983  -9976  -9974  -9964  -9964  -9956  -9955  -9954  -9948  -9933  -9932  -9925  -9917  -9916  -9914  -9907  -9906  -9904  -9902  -9883  -9881  -9881 
 -9879  -9877  -9873  -9870  -9862  -9860  -9858  -9857  -9857  -9850  -9848  -9846  -9839  -9827  -9825  -9821  -9820  -9804  -9802  -9794  -9790  -9775  -9767  -9762  -9760 
 -9758  -9758  -9757  -9751  -9745  -9744  -9739  -9738  -9730  -9725  -9721  -9716  -9702  -9687  -9682  -9672  -9664  -9662  -9659  -9657  -9655  -9652  -9647  -9646  -9644 
 -9637  -9630  -9629  -9625  -9624  -9621  -9619  -9616  -9602  -9599  -9596  -9595  -9587  -9586  -9579  -9574  -9573  -9572  -9570  -9565  -9561  -9559  -9555  -9555  -9552 
 -9550  -9548  -9548  -9534  -9529  -9512  -9510  -9509  -9503  -9500  -9487  -9486  -9482  -9481  -9458  -9451  -9451  -9440  -9432  -9430  -9430  -9421  -9416  -9415  -9415 
 -9410  -9410  -9409  -9407  -9406  -9402  -9398  -9396  -9392  -9388  -9387  -9367  -9367  -9366  -9364  -9358  -9350  -9340  -9338  -9331  -9331  -9329  -9328  -9319  -9316 
 -9313  -9308  -9304  -9299  -9294  -9291  -9290  -9288  -9282  -9279  -9273  -9273  -9272  -9268  -9266  -9265  -9263  -9258  -9254  -9251  -9242  -9241  -9235  -9234  -9224 
 -9220  -9219  -9217  -9217  -9196  -9186  -9186  -9185  -9183  -9183  -9167  -9164  -9162  -9162  -9159  -9158  -9155  -9153  -9142  -9138  -9132  -9119  -9118  -9114  -9106 
 -9091  -9089  -9088  -9087  -9086  -9084  -9082  -9073  -9070  -9069  -9059  -9051  -9043  -9035  -9029  -9026  -9023  -9023  -9020  -9018  -9006  -9002  -8996  -8995  -8978 
 -8976  -8967  -8967  -8953  -8952  -8951  -8943  -8936  -8933  -8922  -8917  -8915  -8910  -8894  -8885  -8882  -8882  -8881  -8864  -8860  -8851  -8846  -8843  -8843  -8836 
 -8832  -8831  -8828  -8826  -8820  -8820  -8819  -8818  -8816  -8805  -8804  -8801  -8798  -8795  -8790  -8781  -8781  -8770  -8764  -8759  -8752  -8750  -8744  -8744  -8742 
 -8737  -8734  -8730  -8730  -8724  -8724  -8711  -8709  -8705  -8702  -8699  -8694  -8694  -8685  -8679  -8675  -8675  -8672  -8669  -8663  -8660  -8657  -8657  -8655  -8651 
 -8649  -8644  -8639  -8637  -8627  -8622  -8618  -8612  -8603  -8600  -8597  -8594  -8590  -8589  -8587  -8584  -8584  -8580  -8579  -8575  -8573  -8568  -8566  -8566  -8563 
 -8562  -8562  -8556  -8550  -8548  -8542  -8534  -8524  -8517  -8517  -8513  -8511  -8504  -8503  -8500  -8498  -8497  -8493  -8489  -8489  -8483  -8482  -8476  -8474  -8454 
 -8452  -8450  -8443  -8434  -8431  -8427  -8426  -8422  -8418  -8416  -8416  -8405  -8395  -8387  -8379  -8377  -8375  -8374  -8370  -8370  -8365  -8364  -8364  -8360  -8359 
 -8357  -8354  -8353  -8345  -8342  -8338  -8338  -8324  -8320  -8310  -8309  -8302  -8302  -8302  -8292  -8288  -8283  -8274  -8266  -8264  -8263  -8257  -8249  -8242  -8240 
 -8237  -8230  -8218  -8216  -8210  -8205  -8203  -8201  -8189  -8189  -8183  -8179  -8178  -8177  -8175  -8156  -8153  -8153  -8150  -8149  -8148  -8140  -8138  -8133  -8126 
 -8124  -8117  -8116  -8112  -8096  -8094  -8086  -8080  -8074  -8073  -8070  -8062  -8062  -8060  -8056  -8047  -8046  -8044  -8040  -8039  -8038  -8036  -8030  -8026  -8023 
 -8022  -8012  -7999  -7995  -7991  -7984  -7981  -7980  -7975  -7966  -7965  -7963  -7953  -7947  -7946  -7942  -7939  -7931  -7927  -7921  -7917  -7914  -7912  -7906  -7903 
 -7902  -7902  -7901  -7901  -7897  -7895  -7894  -7893  -7887  -7883  -7875  -7872  -7872  -7871  -7869  -7864  -7862  -7860  -7854  -7852  -7845  -7845  -7839  -7838  -7828 
 -7825  -7822  -7807  -7800  -7796  -7794  -7791  -7784  -7777  -7776  -7759  -7757  -7756  -7755  -7754  -7752  -7752  -7750  -7747  -7741  -7740  -7739  -7707  -7702  -7696 
 -7685  -7685  -7673  -7666  -7666  -7664  -7660  -7640  -7639  -7633  -7629  -7625  -7617  -7613  -7601  -7600  -7599  -7585  -7581  -7577  -7576  -7573  -7571  -7569  -7565 
 -7561  -7558  -7558  -7554  -7553  -7546  -7544  -7538  -7537  -7536  -7532  -7526  -7514  -7513  -7511  -7510  -7510  -7509  -7507  -7502  -7501  -7498  -7492  -7489  -7486 
 -7479  -7477  -7475  -7459  -7458  -7448  -7444  -7444  -7443  -7441  -7441  -7440  -7439  -7439  -7435  -7432  -7421  -7421  -7419  -7416  -7414  -7409  -7406  -7402  -7399 
 -7396  -7392  -7392  -7388  -7386  -7384  -7383  -7382  -7380  -7376  -7375  -7372  -7362  -7362  -7356  -7345  -7332  -7331  -7330  -7328  -7319  -7316  -7309  -7308  -7306 
 -7304  -7298  -7295  -7291  -7285  -7278  -7276  -7273  -7271  -7264  -7262  -7259  -7256  -7254  -7252  -7251  -7248  -7242  -7241  -7237  -7233  -7232  -7232  -7231  -7229 
 -7223  -7222  -7204  -7186  -7182  -7179  -7170  -7165  -7164  -7157  -7157  -7155  -7155  -7152  -7148  -7147  -7136  -7131  -7120  -7118  -7118  -7117  -7113  -7108  -7102 
 -7101  -7099  -7096  -7068  -7057  -7055  -7044  -7044  -7043  -7040  -7035  -7035  -7035  -7030  -7029  -7026  -7017  -7014  -7007  -7000  -6993  -6990  -6978  -6975  -6975 
 -6966  -6963  -6963  -6953  -6949  -6944  -6943  -6935  -6934  -6934  -6922  -6915  -6912  -6902  -6896  -6895  -6894  -6887  -6885  -6879  -6874  -6863  -6858  -6857  -6856 
 -6848  -6841  -6839  -6824  -6808  -6808  -6804  -6803  -6799  -6795  -6793  -6791  -6781  -6780  -6774  -6771  -6771  -6761  -6759  -6758  -6755  -6746  -6739  -6734  -6731 
 -6728  -6726  -6722  -6705  -6702  -6702  -6702  -6684  -6674  -6670  -6669  -6669  -6664  -6664  -6659  -6658  -6655  -6648  -6644  -6644  -6641  -6631  -6631  -6625  -6623 
 -6615  -6604  -6602  -6598  -6594  -6592  -6590  -6586  -6584  -6575  -6574  -6565  -6564  -6563  -6561  -6560  -6556  -6551  -6537  -6536  -6535  -6533  -6530  -6524  -6524 
 -6523  -6523  -6517  -6516  -6513  -6512  -6510  -6502  -6500  -6498  -6497  -6481  -6471  -6464  -6461  -6460  -6458  -6457  -6457  -6455  -6449  -6438  -6434  -6433  -6427 
 -6427  -6423  -6423  -6420  -6419  -6419  -6417  -6414  -6406  -6393  -6392  -6390  -6386  -6384  -6382  -6379  -6378  -6377  -6371  -6367  -6362  -6358  -6352  -6347  -6344 
 -6344  -6342  -6341  -6336  -6327  -6325  -6325  -6320  -6320  -6315  -6310  -6293  -6292  -6292  -6290  -6287  -6287  -6281  -6266  -6262  -6258  -6251  -6250  -6247  -6246 
 -6245  -6240  -6240  -6230  -6228  -6227  -6225  -6224  -6224  -6222  -6216  -6215  -6210  -6208  -6198  -6186  -6179  -6169  -6163  -6155  -6149  -6133  -6131  -6123  -6123 
 -6119  -6115  -6113  -6111  -6106  -6101  -6099  -6092  -6085  -6082  -6080  -6072  -6072  -6071  -6064  -6060  -6051  -6050  -6049  -6047  -6038  -6031  -6030  -6024  -6024 
 -6022  -6014  -6013  -6009  -6008  -5993  -5988  -5983  -5980  -5964  -5962  -5961  -5960  -5957  -5955  -5953  -5952  -5952  -5946  -5942  -5940  -5937  -5928  -5926  -5923 
 -5920  -5907  -5906  -5902  -5901  -5901  -5901  -5898  -5896  -5895  -5890  -5885  -5881  -5879  -5874  -5871  -5869  -5867  -5866  -5864  -5859  -5852  -5850  -5847  -5845 
 -5840  -5840  -5838  -5833  -5830  -5829  -5829  -5825  -5823  -5823  -5822  -5819  -5818  -5817  -5812  -5811  -5802  -5802  -5796  -5794  -5794  -5781  -5781  -5779  -5777 
 -5776  -5770  -5768  -5768  -5761  -5760  -5759  -5757  -5755  -5755  -5753  -5751  -5746  -5746  -5742  -5737  -5736  -5735  -5733  -5730  -5729  -5729  -5728  -5724  -5722 
 -5721  -5720  -5707  -5706  -5704  -5699  -5692  -5689  -5687  -5685  -5682  -5681  -5680  -5674  -5658  -5655  -5646  -5632  -5625  -5623  -5616  -5608  -5606  -5597  -5583 
 -5580  -5573  -5572  -5572  -5572  -5565  -5564  -5555  -5551  -5549  -5547  -5543  -5533  -5530  -5530  -5528  -5527  -5526  -5521  -5521  -5520  -5520  -5514  -5510  -5505 
 -5500  -5488  -5484  -5469  -5467  -5466  -5455  -5450  -5443  -5439  -5431  -5425  -5416  -5413  -5411  -5408  -5403  -5391  -5391  -5389  -5387  -5386  -5385  -5384  -5375 
 -5373  -5370  -5367  -5366  -5365  -5362  -5360  -5354  -5350  -5344  -5335  -5329  -5327  -5319  -5319  -5314  -5304  -5302  -5301  -5297  -5286  -5278  -5276  -5275  -5275 
 -5274  -5271  -5265  -5263  -5247  -5236  -5232  -5226  -5221  -5208  -5205  -5202  -5189  -5186  -5183  -5183  -5181  -5170  -5168  -5166  -5165  -5158  -5153  -5140  -5138 
 -5134  -5132  -5129  -5129  -5128  -5125  -5121  -5114  -5113  -5108  -5105  -5105  -5098  -5092  -5089  -5088  -5084  -5078  -5068  -5067  -5067  -5047  -5035  -5034  -5028 
 -5024  -5013  -5012  -5012  -4998  -4998  -4997  -4995  -4985  -4983  -4980  -4976  -4963  -4954  -4952  -4951  -4949  -4946  -4936  -4934  -4931  -4928  -4925  -4920  -4920 
 -4918  -4912  -4910  -4908  -4907  -4907  -4903  -4902  -4901  -4900  -4899  -4892  -4891  -4891  -4891  -4890  -4878  -4876  -4866  -4859  -4857  -4855  -4848  -4833  -4823 
 -4822  -4814  -4813  -4813  -4810  -4809  -4804  -4803  -4802  -4801  -4786  -4782  -4762  -4762  -4761  -4759  -4759  -4757  -4753  -4752  -4750  -4744  -4742  -4738  -4729 
 -4720  -4703  -4697  -4697  -4695  -4693  -4692  -4677  -4667  -4660  -4656  -4655  -4647  -4643  -4642  -4640  -4637  -4635  -4627  -4615  -4611  -4611  -4599  -4595  -4595 
 -4594  -4593  -4590  -4579  -4574  -4568  -4567  -4564  -4559  -4557  -4556  -4555  -4549  -4540  -4538  -4536  -4534  -4526  -4521  -4516  -4514  -4512  -4507  -4505  -4503 
 -4499  -4497  -4492  -4489  -4489  -4485  -4483  -4480  -4477  -4476  -4471  -4470  -4462  -4461  -4460  -4460  -4460  -4459  -4456  -4453  -4450  -4449  -4449  -4448  -4445 
 -4444  -4439  -4437  -4431  -4431  -4430  -4401  -4378  -4376  -4375  -4369  -4363  -4354  -4353  -4351  -4349  -4344  -4336  -4333  -4333  -4326  -4315  -4312  -4305  -4303 
 -4291  -4289  -4285  -4281  -4279  -4277  -4275  -4270  -4265  -4264  -4260  -4253  -4244  -4239  -4235  -4235  -4228  -4221  -4201  -4200  -4184  -4181  -4179  -4173  -4173 
 -4164  -4161  -4148  -4147  -4145  -4132  -4126  -4123  -4119  -4119  -4117  -4107  -4099  -4097  -4096  -4095  -4091  -4090  -4090  -4083  -4078  -4057  -4053  -4044  -4041 
 -4040  -4038  -4030  -4028  -4026  -4025  -4020  -4019  -4017  -4016  -4015  -4013  -4011  -4004  -4003  -4000  -3999  -3997  -3993  -3990  -3978  -3976  -3970  -3968  -3965 
 -3961  -3956  -3946  -3942  -3938  -3929  -3927  -3926  -3923  -3916  -3911  -3896  -3894  -3887  -3886  -3879  -3877  -3875  -3875  -3872  -3866  -3861  -3860  -3855  -3854 
 -3852  -3837  -3836  -3834  -3830  -3826  -3826  -3815  -3809  -3807  -3805  -3803  -3793  -3792  -3785  -3784  -3779  -3776  -3768  -3767  -3751  -3746  -3736  -3734  -3733 
 -3733  -3731  -3728  -3726  -3723  -3718  -3716  -3704  -3699  -3698  -3697  -3695  -3686  -3686  -3680  -3679  -3678  -3676  -3673  -3667  -3665  -3656  -3655  -3655  -3647 
 -3645  -3636  -3632  -3629  -3628  -3626  -3618  -3608  -3606  -3598  -3597  -3595  -3586  -3584  -3573  -3563  -3555  -3553  -3551  -3532  -3513  -3511  -3509  -3503  -3500 
 -3497  -3490  -3490  -3485  -3467  -3463  -3459  -3453  -3452  -3444  -3443  -3441  -3438  -3436  -3430  -3424  -3421  -3418  -3416  -3409  -3406  -3398  -3396  -3388  -3386 
 -3374  -3366  -3360  -3359  -3358  -3346  -3340  -3331  -3325  -3324  -3322  -3318  -3316  -3307  -3306  -3302  -3296  -3292  -3290  -3289  -3283  -3281  -3277  -3277  -3275 
 -3271  -3267  -3264  -3260  -3259  -3256  -3253  -3253  -3249  -3248  -3247  -3245  -3245  -3243  -3240  -3237  -3237  -3236  -3227  -3222  -3217  -3208  -3208  -3204  -3199 
 -3194  -3192  -3189  -3185  -3183  -3182  -3181  -3180  -3171  -3164  -3155  -3148  -3147  -3142  -3141  -3134  -3127  -3122  -3113  -3110  -3108  -3106  -3096  -3096  -3092 
 -3088  -3087  -3078  -3075  -3075  -3072  -3072  -3070  -3052  -3052  -3052  -3051  -3048  -3042  -3042  -3041  -3036  -3029  -3028  -3013  -3013  -3012  -3011  -3008  -3007 
 -3004  -2999  -2991  -2989  -2987  -2979  -2975  -2975  -2968  -2967  -2963  -2963  -2961  -2958  -2958  -2957  -2954  -2951  -2949  -2946  -2943  -2940  -2939  -2936  -2931 
 -2928  -2921  -2921  -2916  -2911  -2905  -2901  -2900  -2882  -2881  -2879  -2876  -2871  -2865  -2859  -2855  -2853  -2852  -2851  -2850  -2845  -2843  -2843  -2839  -2831 
 -2819  -2815  -2814  -2800  -2796  -2793  -2787  -2780  -2778  -2764  -2763  -2754  -2747  -2745  -2745  -2743  -2743  -2741  -2734  -2733  -2729  -2726  -2718  -2715  -2713 
 -2712  -2692  -2690  -2689  -2682  -2677  -2671  -2670  -2666  -2661  -2660  -2657  -2657  -2654  -2651  -2647  -2646  -2644  -2636  -2632  -2629  -2629  -2616  -2612  -2612 
 -2610  -2607  -2601  -2596  -2591  -2583  -2572  -2571  -2567  -2565  -2564  -2564  -2560  -2557  -2556  -2550  -2549  -2543  -2539  -2537  -2535  -2535  -2535  -2530  -2527 
 -2522  -2519  -2515  -2513  -2512  -2508  -2503  -2501  -2492  -2479  -2479  -2472  -2471  -2468  -2468  -2468  -2467  -2464  -2462  -2460  -2457  -2452  -2449  -2443  -2439 
 -2425  -2425  -2425  -2424  -2424  -2423  -2420  -2416  -2410  -2399  -2399  -2392  -2391  -2384  -2381  -2376  -2375  -2374  -2373  -2372  -2371  -2369  -2367  -2364  -2361 
 -2355  -2355  -2353  -2353  -2350  -2348  -2344  -2341  -2340  -2337  -2336  -2329  -2328  -2327  -2326  -2325  -2317  -2316  -2314  -2309  -2307  -2305  -2303  -2296  -2295 
 -2280  -2278  -2276  -2266  -2255  -2243  -2242  -2235  -2223  -2220  -2214  -2213  -2204  -2204  -2200  -2200  -2199  -2199  -2196  -2193  -2185  -2175  -2175  -2163  -2157 
 -2156  -2154  -2153  -2152  -2152  -2152  -2151  -2150  -2145  -2140  -2139  -2133  -2132  -2123  -2117  -2116  -2113  -2113  -2110  -2109  -2109  -2107  -2098  -2098  -2097 
 -2087  -2080  -2075  -2074  -2071  -2067  -2064  -2058  -2057  -2055  -2051  -2050  -2050  -2050  -2048  -2042  -2034  -2033  -2031  -2023  -2020  -2015  -2009  -2008  -2002 
 -1992  -1989  -1981  -1972  -1969  -1964  -1954  -1947  -1942  -1933  -1917  -1911  -1910  -1910  -1910  -1904  -1898  -1898  -1878  -1876  -1875  -1874  -1870  -1860  -1858 
 -1857  -1854  -1854  -1853  -1847  -1847  -1846  -1844  -1843  -1828  -1821  -1816  -1815  -1813  -1813  -1809  -1806  -1805  -1798  -1792  -1782  -1775  -1770  -1766  -1764 
 -1762  -1760  -1757  -1743  -1734  -1733  -1730  -1727  -1726  -1719  -1716  -1714  -1714  -1712  -1702  -1701  -1696  -1692  -1691  -1680  -1677  -1677  -1674  -1671  -1664 
 -1662  -1661  -1660  -1656  -1647  -1642  -1639  -1637  -1636  -1635  -1628  -1625  -1624  -1615  -1615  -1614  -1612  -1609  -1601  -1588  -1587  -1584  -1584  -1583  -1580 
 -1579  -1578  -1570  -1570  -1570  -1569  -1568  -1560  -1560  -1556  -1553  -1540  -1537  -1536  -1534  -1529  -1529  -1528  -1523  -1515  -1514  -1511  -1509  -1508  -1499 
 -1496  -1487  -1482  -1474  -1463  -1462  -1462  -1460  -1460  -1455  -1448  -1438  -1432  -1429  -1428  -1427  -1423  -1421  -1419  -1410  -1398  -1390  -1390  -1385  -1378 
 -1373  -1365  -1362  -1362  -1348  -1345  -1319  -1298  -1295  -1290  -1287  -1286  -1286  -1267  -1267  -1258  -1255  -1254  -1253  -1251  -1251  -1237  -1236  -1236  -1234 
 -1224  -1214  -1212  -1209  -1209  -1207  -1206  -1202  -1197  -1196  -1194  -1193  -1182  -1181  -1175  -1168  -1158  -1158  -1156  -1153  -1141  -1139  -1135  -1127  -1119 
 -1114  -1112  -1109  -1107  -1107  -1101  -1095  -1089  -1087  -1085  -1084  -1083  -1079  -1079  -1077  -1076  -1075  -1071  -1071  -1069  -1066  -1064  -1060  -1060  -1059 
 -1047  -1045  -1029  -1028  -1017  -1003  -1000   -998   -997   -995   -995   -994   -990   -989   -986   -981   -981   -974   -971   -969   -960   -947   -946   -945   -931 
  -926   -926   -922   -915   -912   -911   -905   -902   -902   -901   -895   -894   -893   -892   -892   -887   -884   -881   -880   -879   -879   -879   -875   -869   -869 
  -868   -855   -851   -847   -844   -841   -837   -837   -836   -830   -828   -827   -823   -819   -810   -808   -797   -794   -788   -785   -784   -783   -777   -776   -767 
  -757   -755   -751   -746   -744   -742   -737   -731   -728   -725   -723   -722   -722   -718   -704   -703   -702   -698   -694   -691   -685   -680   -679   -678   -677 
  -668   -665   -658   -657   -655   -651   -648   -644   -639   -637   -636   -628   -622   -621   -618   -612   -606   -602   -598   -591   -589   -574   -568   -565   -564 
  -557   -557   -548   -539   -538   -536   -525   -521   -520   -509   -504   -503   -496   -487   -485   -482   -479   -479   -456   -453   -452   -449   -440   -439   -438 
  -420   -411   -400   -397   -391   -390   -387   -382   -374   -370   -369   -364   -359   -348   -346   -345   -344   -334   -332   -331   -328   -326   -319   -312   -309 
  -300   -291   -289   -287   -284   -282   -281   -279   -274   -273   -269   -263   -261   -246   -244   -243   -237   -234   -234   -233   -231   -225   -219   -213   -212 
  -200   -195   -178   -171   -169   -166   -163   -161   -154   -153   -152   -151   -142   -135   -132   -130   -120   -112   -111   -109   -108   -103   -101    -99    -99 
   -98    -92    -89    -89    -86    -80    -78    -75    -75    -73    -70    -67    -57    -46    -39    -36    -28    -27    -23    -17    -15    -15    -12    -10     -9 
    -8     -7     -3      9      9     13     20     26     33     45     54     57     69     72     75     77     78     79     80     96    102    105    126    132    132 
   133    136    143    146    148    152    153    156    157    159    159    160    166    170    172    173    175    177    179    188    195    195    197    200    207 
   210    210    220    221    223    231    234    235    240    242    254    255    255    265    265    268    272    273    274    277    279    285    286    287    291 
   295    301    304    306    306    309    313    314    315    316    319    323    324    329    330    339    341    345    347    350    351    353    353    356    358 
   364    365    366    370    376    382    383    383    393    405    407    409    413    419    423    423    424    424    425    430    442    444    457    469    470 
   471    478    481    483    501    510    515    517    517    519    520    522    524    536    544    549    557    558    566    571    573    573    576    578    593 
   593    607    627    627    633    634    635    636    638    639    649    650    650    658    660    663    663    683    685    696    699    704    710    716    717 
   721    731    733    738    743    745    752    753    760    769    771    771    779    787    790    792    792    796    801    803    806    807    810    811    811 
   814    817    831    832    841    844    850    852    853    856    856    858    861    862    867    867    869    876    882    889    893    900    906    908    924 
   928    929    930    931    934    938    945    946    951    957    960    961    961    970    991    992    997   1000   1004   1007   1007   1011   1023   1026   1029 
  1036   1037   1046   1051   1051   1052   1061   1062   1067   1071   1071   1074   1080   1081   1084   1090   1093   1094   1096   1097   1100   1106   1108   1110   1122 
  1126   1127   1127   1138   1143   1148   1153   1162   1164   1167   1171   1173   1191   1193   1208   1213   1216   1218   1220   1225   1233   1241   1247   1249   1249 
  1250   1253   1258   1267   1275   1288   1290   1291   1293   1294   1295   1320   1328   1331   1348   1361   1361   1366   1382   1384   1385   1387   1392   1396   1397 
  1398   1402   1402   1403   1411   1418   1419   1419   1423   1424   1425   1428   1431   1431   1433   1435   1437   1438   1440   1446   1452   1463   1469   1471   1483 
  1491   1497   1502   1508   1510   1511   1533   1536   1538   1538   1540   1541   1542   1545   1546   1553   1554   1556   1557   1558   1562   1564   1566   1574   1575 
  1575   1581   1586   1590   1594   1608   1609   1612   1617   1624   1627   1632   1634   1635   1637   1639   1641   1646   1649   1653   1653   1660   1667   1669   1670 
  1671   1672   1673   1673   1674   1684   1699   1708   1708   1713   1717   1718   1719   1720   1725   1728   1728   1729   1744   1748   1751   1753   1753   1754   1758 
  1767   1774   1781   1782   1786   1790   1793   1801   1803   1811   1813   1822   1828   1830   1839   1840   1848   1848   1852   1871   1871   1875   1883   1883   1884 
  1889   1892   1900   1905   1906   1909   1910   1913   1919   1922   1923   1925   1928   1931   1938   1940   1943   1947   1950   1953   1954   1956   1958   1982   1989 
  1993   1996   2002   2008   2018   2020   2022   2022   2032   2033   2033   2037   2045   2057   2063   2069   2075   2078   2078   2080   2083   2083   2087   2090   2092 
  2107   2119   2120   2133   2134   2149   2150   2154   2158   2178   2181   2182   2184   2186   2192   2194   2195   2195   2197   2199   2203   2212   2214   2221   2226 
  2227   2236   2239   2239   2251   2254   2259   2260   2267   2272   2274   2278   2285   2287   2291   2296   2304   2308   2308   2312   2313   2317   2318   2318   2325 
  2328   2334   2349   2351   2352   2357   2358   2359   2362   2364   2374   2376   2377   2385   2391   2396   2396   2398   2408   2410   2417   2426   2431   2431   2433 
  2437   2444   2446   2447   2447   2449   2449   2454   2454   2462   2462   2471   2474   2482   2483   2492   2504   2510   2510   2512   2525   2532   2534   2534   2536 
  2537   2538   2542   2546   2549   2553   2554   2555   2560   2560   2562   2569   2576   2577   2584   2586   2589   2593   2596   2601   2603   2611   2616   2616   2622 
  2631   2632   2636   2638   2639   2644   2646   2651   2652   2665   2668   2668   2675   2677   2679   2683   2690   2696   2705   2712   2721   2731   2739   2740   2741 
  2742   2743   2755   2757   2759   2761   2762   2766   2778   2781   2786   2791   2793   2795   2796   2799   2799   2808   2809   2811   2812   2818   2833   2833   2835 
  2835   2839   2840   2843   2843   2856   2856   2874   2889   2890   2890   2891   2893   2897   2898   2899   2901   2903   2904   2912   2916   2921   2924   2929   2929 
  2948   2950   2951   2951   2951   2952   2953   2953   2954   2963   2968   2970   2976   2980   2981   2984   2986   2987   2989   2996   3004   3012   3014   3024   3029 
  3032   3040   3042   3043   3045   3047   3053   3053   3054   3055   3062   3074   3082   3085   3085   3101   3101   3105   3107   3108   3111   3111   3119   3121   3121 
  3126   3128   3130   3135   3138   3145   3145   3146   3147   3154   3154   3156   3157   3159   3166   3166   3169   3173   3174   3177   3180   3185   3190   3205   3205 
  3205   3209   3210   3223   3225   3230   3235   3251   3256   3260   3266   3273   3275   3283   3291   3292   3293   3300   3304   3308   3313   3314   3314   3319   3320 
  3320   3320   3327   3328   3330   3332   3335   3339   3347   3355   3360   3361   3361   3363   3371   3384   3388   3399   3404   3405   3407   3411   3411   3413   3414 
  3415   3416   3417   3419   3422   3428   3428   3428   3431   3431   3450   3453   3463   3464   3464   3473   3483   3491   3503   3517   3518   3527   3528   3541   3546 
  3548   3548   3554   3556   3574   3576   3579   3583   3591   3599   3607   3611   3612   3613   3614   3615   3615   3618   3620   3622   3625   3630   3635   3639   3648 
  3650   3652   3659   3665   3666   3672   3680   3687   3689   3694   3697   3697   3698   3698   3708   3708   3708   3713   3724   3725   3727   3727   3735   3739   3741 
  3742   3743   3751   3757   3767   3769   3772   3775   3780   3781   3783   3784   3790   3793   3794   3796   3797   3807   3822   3841   3842   3842   3845   3847   3848 
  3850   3858   3861   3862   3872   3872   3880   3881   3881   3891   3894   3901   3901   3903   3907   3910   3912   3914   3919   3920   3924   3926   3929   3930   3942 
  3945   3949   3954   3964   3971   3980   3982   3983   3985   3986   3992   3993   3993   3995   3998   3998   4001   4005   4010   4011   4013   4015   4017   4021   4024 
  4025   4026   4027   4029   4029   4030   4035   4036   4039   4042   4047   4051   4051   4070   4073   4073   4086   4088   4105   4112   4113   4116   4122   4124   4130 
  4146   4149   4149   4156   4158   4158   4163   4165   4171   4174   4182   4184   4189   4194   4212   4212   4215   4220   4227   4227   4227   4230   4231   4231   4234 
  4240   4241   4246   4247   4259   4265   4266   4268   4271   4279   4282   4283   4289   4293   4294   4299   4312   4320   4320   4320   4321   4322   4324   4328   4330 
  4331   4332   4333   4334   4338   4341   4348   4349   4352   4352   4361   4368   4370   4387   4389   4393   4397   4400   4401   4402   4402   4407   4425   4426   4431 
  4431   4440   4442   4451   4451   4453   4455   4458   4463   4473   4489   4493   4502   4503   4518   4529   4544   4557   4557   4558   4562   4565   4568   4581   4582 
  4582   4596   4602   4607   4607   4611   4616   4619   4620   4624   4625   4632   4633   4637   4638   4643   4652   4654   4656   4659   4665   4670   4681   4684   4692 
  4696   4704   4705   4708   4708   4710   4712   4713   4716   4716   4721   4722   4724   4729   4730   4737   4740   4749   4756   4758   4761   4765   4767   4769   4771 
  4776   4778   4783   4785   4790   4793   4818   4828   4831   4834   4835   4836   4838   4840   4842   4847   4857   4858   4860   4863   4871   4873   4876   4878   4885 
  4897   4897   4898   4902   4907   4908   4909   4919   4929   4932   4934   4936   4937   4941   4943   4950   4955   4961   4962   4966   4980   4988   4989   4990   4995 
  5000   5000   5002   5006   5011   5012   5013   5015   5019   5027   5049   5053   5055   5063   5064   5069   5072   5072   5085   5087   5094   5099   5102   5110   5112 
  5121   5127   5130   5131   5136   5141   5152   5158   5158   5161   5165   5167   5176   5177   5180   5186   5191   5193   5195   5196   5204   5206   5208   5209   5218 
  5220   5221   5221   5222   5222   5236   5239   5242   5246   5248   5250   5253   5258   5258   5258   5264   5270   5271   5273   5274   5277   5279   5281   5283   5294 
  5295   5298   5303   5305   5312   5313   5314   5318   5321   5322   5323   5324   5327   5330   5332   5339   5343   5353   5360   5370   5372   5384   5384   5387   5388 
  5388   5393   5393   5396   5406   5410   5423   5433   5435   5436   5443   5444   5454   5456   5456   5459   5459   5470   5471   5488   5489   5492   5497   5497   5504 
  5511   5513   5514   5517   5517   5518   5528   5532   5532   5534   5535   5536   5545   5551   5551   5553   5554   5564   5565   5579   5582   5591   5596   5603   5604 
  5609   5609   5610   5612   5612   5613   5621   5623   5624   5626   5627   5638   5638   5657   5662   5662   5663   5665   5665   5667   5676   5676   5678   5690   5708 
  5710   5715   5724   5729   5729   5734   5747   5747   5747   5753   5755   5757   5757   5764   5765   5765   5767   5773   5780   5780   5786   5793   5795   5796   5808 
  5809   5817   5817   5817   5819   5820   5826   5827   5828   5832   5836   5838   5841   5848   5862   5866   5867   5867   5880   5899   5899   5903   5907   5912   5913 
  5917   5918   5930   5931   5943   5946   5951   5955   5963   5963   5968   5971   5979   5985   5990   5994   5996   5996   5996   6010   6011   6016   6020   6022   6024 
  6045   6045   6045   6058   6062   6063   6063   6068   6073   6074   6078   6087   6106   6109   6112   6125   6125   6129   6131   6133   6138   6138   6140   6143   6153 
  6153   6155   6159   6168   6168   6171   6183   6185   6188   6194   6198   6199   6201   6204   6209   6220   6225   6235   6235   6238   6244   6245   6245   6265   6269 
  6273   6273   6280   6280   6283   6288   6288   6289   6292   6293   6295   6297   6297   6299   6307   6316   6318   6327   6329   6329   6336   6336   6337   6338   6339 
  6341   6341   6348   6352   6359   6363   6367   6373   6386   6386   6393   6396   6396   6397   6403   6407   6408   6418   6419   6419   6423   6425   6428   6429   6435 
  6436   6442   6444   6445   6445   6448   6453   6467   6468   6468   6469   6476   6481   6486   6493   6497   6500   6500   6510   6514   6520   6527   6533   6535   6538 
  6540   6542   6543   6560   6575   6583   6585   6586   6591   6591   6594   6595   6597   6600   6600   6612   6612   6629   6640   6641   6647   6660   6661   6666   6671 
  6676   6676   6678   6681   6683   6684   6688   6689   6702   6709   6709   6711   6715   6716   6719   6720   6721   6722   6724   6734   6734   6737   6754   6754   6756 
  6765   6765   6771   6772   6773   6776   6782   6783   6784   6786   6788   6789   6790   6801   6805   6808   6819   6822   6832   6836   6849   6853   6859   6861   6879 
  6881   6887   6888   6891   6896   6896   6896   6899   6902   6908   6914   6915   6919   6923   6924   6926   6928   6934   6947   6948   6948   6956   6958   6962   6964 
  6965   6966   6967   6969   6970   6985   6986   6987   7004   7005   7007   7008   7014   7019   7022   7024   7027   7029   7035   7035   7036   7047   7062   7079   7080 
  7088   7090   7095   7099   7101   7111   7115   7122   7123   7125   7129   7129   7136   7143   7150   7151   7154   7162   7166   7175   7176   7195   7200   7204   7205 
  7215   7220   7229   7230   7230   7230   7232   7237   7240   7241   7242   7242   7252   7260   7268   7271   7277   7277   7299   7302   7306   7307   7308   7313   7314 
  7318   7332   7332   7343   7351   7367   7377   7381   7383   7385   7386   7386   7393   7395   7396   7398   7402   7407   7408   7408   7417   7419   7422   7428   7428 
  7430   7433   7433   7434   7445   7461   7469   7472   7483   7485   7492   7499   7504   7514   7514   7521   7523   7525   7536   7553   7562   7571   7572   7574   7574 
  7582   7586   7587   7597   7603   7604   7606   7616   7619   7624   7651   7652   7654   7658   7661   7666   7673   7679   7682   7689   7690   7691   7693   7705   7707 
  7715   7717   7722   7755   7761   7765   7765   7774   7776   7779   7785   7790   7790   7793   7811   7813   7817   7822   7825   7830   7840   7846   7848   7849   7851 
  7859   7862   7872   7877   7879   7887   7893   7901   7903   7904   7910   7914   7919   7923   7926   7927   7927   7928   7930   7936   7948   7950   7958   7962   7967 
  7974   7977   7980   7982   7984   7985   7987   7989   7993   7993   7997   7998   8000   8001   8001   8006   8008   8009   8020   8028   8029   8031   8038   8043   8044 
  8046   8050   8060   8064   8068   8077   8077   8080   8082   8083   8083   8088   8108   8108   8110   8113   8115   8119   8124   8125   8126   8133   8148   8153   8158 
  8158   8159   8163   8164   8166   8167   8172   8188   8191   8191   8191   8193   8197   8198   8203   8203   8205   8207   8212   8213   8219   8221   8236   8236   8239 
  8241   8244   8258   8261   8276   8277   8287   8300   8300   8300   8301   8302   8304   8306   8308   8315   8323   8323   8324   8335   8337   8346   8351   8353   8358 
  8359   8362   8362   8363   8366   8366   8367   8371   8380   8381   8384   8394   8397   8400   8401   8401   8401   8410   8412   8416   8416   8418   8420   8424   8433 
  8439   8453   8455   8461   8464   8469   8471   8474   8480   8480   8488   8490   8507   8509   8511   8511   8515   8529   8530   8533   8534   8534   8536   8541   8546 
  8554   8557   8559   8559   8569   8570   8573   8585   8586   8590   8599   8599   8603   8613   8622   8623   8627   8627   8628   8628   8647   8649   8651   8653   8663 
  8666   8667   8669   8674   8678   8679   8682   8686   8693   8705   8714   8716   8717   8733   8733   8734   8740   8741   8743   8751   8758   8759   8761   8766   8773 
  8783   8785   8792   8793   8801   8801   8805   8807   8812   8818   8818   8818   8823   8830   8831   8832   8834   8837   8846   8851   8861   8862   8863   8869   8872 
  8875   8876   8877   8880   8891   8895   8895   8896   8896   8897   8897   8899   8900   8903   8903   8907   8908   8911   8917   8917   8918   8919   8925   8945   8949 
  8954   8956   8961   8983   8984   8986   8991   9000   9006   9012   9024   9029   9030   9030   9035   9037   9037   9042   9048   9049   9058   9062   9068   9085   9086 
  9086   9087   9088   9088   9090   9095   9114   9125   9136   9147   9149   9156   9158   9167   9171   9177   9179   9181   9181   9182   9183   9190   9193   9193   9197 
  9209   9216   9217   9222   9223   9224   9233   9234   9236   9237   9251   9258   9266   9270   9272   9274   9275   9278   9282   9283   9284   9286   9287   9291   9292 
  9300   9304   9310   9314   9316   9316   9325   9328   9328   9332   9337   9349   9357   9375   9380   9384   9387   9388   9392   9392   9407   9409   9413   9417   9427 
  9430   9436   9436   9444   9444   9447   9448   9448   9459   9463   9481   9481   9484   9484   9484   9487   9491   9495   9498   9501   9503   9503   9504   9510   9512 
  9515   9516   9517   9524   9534   9536   9538   9541   9543   9544   9549   9551   9552   9558   9559   9568   9570   9589   9595   9601   9604   9606   9610   9613   9614 
  9617   9621   9624   9629   9630   9635   9640   9645   9646   9649   9652   9652   9655   9661   9668   9668   9668   9672   9674   9675   9680   9682   9684   9685   9696 
  9697   9698   9698   9707   9714   9715   9723   9728   9731   9734   9737   9748   9749   9751   9753   9757   9769   9775   9781   9782   9782   9795   9799   9807   9816 
  9818   9835   9837   9837   9839   9840   9843   9844   9849   9851   9851   9863   9884   9891   9891   9893   9900   9901   9911   9913   9917   9923   9926   9928   9935 
  9936   9937   9941   9945   9948   9951   9953   9956   9960   9962   9966   9971   9978   9980   9984   9990   9995   9995   9997   9998  10001  10006  10010  10010  10013 
 10015  10016  10019  10025  10033  10037  10038  10046  10046  10049  10057  10061  10063  10073  10076  10080  10081  10083  10104  10124  10124  10125  10127  10139  10140 
 10141  10151  10155  10158  10164  10174  10192  10201  10202  10204  10208  10209  10211  10212  10215  10218  10220  10226  10227  10235  10239  10240  10247  10264  10277 
 10282  10284  10292  10295  10303  10309  10312  10315  10320  10327  10327  10337  10338  10341  10342  10346  10354  10354  10366  10369  10370  10370  10373  10381  10382 
 10391  10394  10396  10398  10400  10405  10406  10411  10411  10414  10415  10422  10423  10424  10429  10436  10437  10441  10446  10449  10451  10456  10457  10467  10472 
 10476  10477  10477  10484  10485  10486  10489  10492  10494  10495  10500  10511  10512  10515  10525  10527  10528  10530  10533  10537  10541  10543  10549  10550  10553 
 10565  10573  10575  10577  10581  10591  10592  10601  10606  10609  10616  10620  10621  10626  10626  10628  10630  10631  10637  10637  10640  10659  10664  10669  10674 
 10678  10680  10693  10695  10699  10703  10705  10714  10716  10720  10721  10725  10725  10725  10736  10739  10743  10750  10754  10754  10760  10766  10776  10794  10795 
 10795  10809  10812  10823  10828  10830  10835  10842  10851  10852  10859  10859  10861  10863  10865  10866  10867  10871  10874  10880  10880  10880  10883  10883  10884 
 10886  10891  10904  10913  10918  10925  10929  10935  10935  10939  10946  10947  10955  10955  10959  10962  10964  10967  10969  10973  10982  10986  10989  10998  10999 
 11003  11008  11010  11029  11034  11035  11047  11050  11059  11077  11078  11089  11090  11092  11100  11104  11105  11106  11106  11108  11118  11119  11129  11139  11142 
 11145  11148  11152  11165  11168  11169  11174  11177  11177  11178  11193  11205  11205  11209  11215  11229  11234  11236  11238  11246  11247  11252  11260  11260  11266 
 11266  11273  11278  11280  11280  11287  11287  11293  11293  11302  11310  11314  11324  11334  11336  11338  11344  11350  11351  11356  11356  11362  11363  11366  11372 
 11387  11393  11395  11400  11401  11404  11409  11410  11410  11410  11415  11415  11415  11417  11425  11430  11431  11433  11436  11437  11438  11439  11439  11444  11445 
 11447  11448  11448  11450  11451  11453  11460  11460  11461  11462  11465  11465  11466  11466  11467  11470  11482  11487  11490  11494  11494  11500  11504  11505  11508 
 11510  11512  11513  11518  11523  11531  11531  11537  11538  11549  11560  11561  11563  11571  11576  11576  11580  11583  11585  11588  11589  11594  11597  11598  11602 
 11602  11603  11606  11609  11613  11616  11617  11624  11625  11631  11632  11637  11643  11648  11649  11657  11694  11701  11702  11704  11711  11719  11719  11722  11722 
 11725  11731  11738  11741  11742  11750  11750  11760  11761  11763  11766  11773  11778  11782  11783  11787  11787  11788  11795  11808  11810  11812  11814  11814  11814 
 11819  11826  11830  11836  11840  11846  11848  11854  11859  11866  11879  11881  11882  11883  11884  11885  11891  11892  11894  11894  11902  11905  11916  11918  11924 
 11927  11939  11945  11945  11965  11966  11968  11971  11971  11974  11977  11980  11980  11982  11987  11987  11988  11993  11997  11998  12004  12006  12009  12019  12022 
 12030  12041  12047  12049  12059  12059  12060  12060  12071  12075  12083  12092  12097  12098  12100  12111  12112  12115  12118  12120  12126  12135  12136  12137  12138 
 12146  12155  12157  12159  12164  12167  12176  12178  12179  12188  12197  12197  12199  12201  12202  12211  12217  12218  12220  12224  12225  12226  12232  12232  12243 
 12253  12257  12257  12259  12259  12264  12264  12267  12271  12280  12285  12289  12295  12297  12304  12307  12308  12311  12324  12328  12328  12329  12340  12342  12343 
 12344  12347  12348  12352  12357  12362  12383  12393  12395  12402  12402  12404  12408  12416  12419  12425  12426  12427  12427  12429  12437  12445  12453  12454  12457 
 12461  12461  12464  12472  12472  12484  12492  12494  12505  12507  12508  12508  12513  12514  12517  12521  12522  12526  12527  12539  12542  12546  12552  12569  12572 
 12577  12578  12581  12581  12588  12590  12594  12612  12612  12615  12622  12629  12632  12632  12635  12638  12639  12643  12646  12647  12649  12651  12658  12661  12662 
 12664  12665  12665  12667  12668  12668  12671  12673  12677  12680  12681  12687  12688  12691  12692  12694  12696  12713  12715  12719  12719  12720  12729  12735  12737 
 12741  12742  12743  12746  12761  12764  12766  12785  12785  12787  12791  12798  12800  12816  12822  12831  12831  12832  12833  12836  12836  12851  12851  12855  12856 
 12858  12870  12871  12876  12881  12889  12891  12911  12914  12933  12934  12936  12937  12942  12943  12946  12947  12948  12951  12962  12963  12971  12983  12991  12994 
 12994  13000  13000  13001  13001  13003  13005  13009  13018  13019  13020  13029  13031  13037  13038  13040  13044  13049  13051  13054  13063  13069  13072  13074  13077 
 13079  13086  13088  13097  13101  13102  13105  13106  13107  13115  13127  13139  13141  13147  13158  13158  13160  13162  13168  13169  13171  13175  13187  13190  13191 
 13208  13214  13222  13224  13228  13231  13236  13238  13241  13249  13256  13257  13258  13264  13267  13271  13274  13275  13278  13291  13295  13296  13300  13301  13307 
 13310  13327  13333  13333  13335  13338  13339  13350  13351  13353  13358  13365  13369  13372  13372  13376  13377  13379  13396  13398  13414  13415  13417  13421  13423 
 13423  13434  13437  13437  13446  13449  13455  13457  13473  13476  13483  13485  13485  13485  13487  13492  13493  13494  13494  13495  13504  13507  13509  13510  13515 
 13522  13524  13531  13542  13544  13547  13547  13556  13556  13557  13562  13576  13580  13580  13583  13583  13584  13588  13588  13599  13599  13603  13604  13610  13614 
 13614  13620  13623  13628  13632  13634  13637  13653  13657  13659  13660  13666  13672  13676  13679  13682  13684  13689  13691  13693  13705  13707  13711  13715  13715 
 13721  13725  13732  13733  13745  13748  13758  13773  13788  13794  13794  13802  13804  13819  13832  13839  13842  13854  13862  13863  13868  13870  13870  13872  13874 
 13874  13877  13896  13902  13903  13914  13927  13929  13931  13931  13931  13934  13940  13945  13955  13962  13962  13965  13970  13972  13974  13975  13975  13977  13980 
 13990  13993  14013  14014  14022  14025  14026  14027  14029  14031  14031  14035  14040  14049  14056  14061  14069  14073  14073  14077  14079  14092  14097  14116  14117 
 14120  14122  14123  14124  14125  14141  14144  14146  14149  14150  14167  14174  14177  14177  14183  14188  14191  14191  14194  14196  14199  14212  14217  14218  14218 
 14220  14224  14227  14229  14250  14252  14254  14260  14271  14287  14302  14309  14312  14313  14323  14326  14328  14330  14344  14350  14352  14353  14361  14366  14367 
 14377  14391  14392  14396  14403  14405  14410  14413  14414  14425  14432  14432  14446  14454  14456  14458  14458  14458  14468  14470  14472  14473  14475  14478  14479 
 14480  14485  14486  14487  14490  14491  14496  14498  14500  14503  14504  14506  14510  14520  14526  14527  14550  14554  14560  14560  14564  14570  14578  14584  14584 
 14591  14599  14601  14602  14602  14603  14603  14605  14607  14624  14625  14636  14642  14645  14652  14664  14669  14675  14676  14679  14680  14682  14685  14693  14699 
 14701  14703  14712  14715  14717  14718  14726  14737  14744  14745  14752  14762  14775  14776  14782  14785  14785  14788  14795  14798  14799  14803  14803  14806  14807 
 14809  14811  14813  14815  14826  14827  14833  14843  14845  14860  14861  14863  14868  14870  14876  14877  14878  14880  14883  14884  14887  14890  14899  14902  14903 
 14905  14909  14910  14915  14915  14926  14926  14927  14930  14931  14933  14935  14949  14952  14960  14961  14962  14963  14969  14971  14972  14975  14984  14985  15000 
 -4574 -12810  -7639   6686   9667 -12037  -5431  -1746  -4092 -12301  -1589  -8972   6284 -14325  -2898   6662 -11670 -12885 -10864  -9194   3157   5331 -13211  -3385  -9672 
  3723  -8562  -8001   6126 -14690  11219  -7939  10569  -3403  -7567 -10643  -1190  -5469   8330  -9798  10988 -10048  -7175  -9884  -2990  12456   6196     18 -12189  -8860 
-14778 -10967  -7486   1689  -8417 -13411   7523  13823   1876  13064 -14311  -3819  11754 -13880   1174   6932  -4983   6286 -10817  13089   4620  11845   5148 -12907  10024 
 13839  -4696   4259   9806   5542  -3579  -5279  -5422   9505   6849   8424   6988    -58  10457  -2606   4927 -10465  -1157  12575   4088   -944 -12577   4138   9401   5031 
-14775  14043  14871   9845 -14487  -4065   7329   1820  -6122 -11627  -8510 -14791  13657   7563   4585  -7899   5339  -7640   6886 -13386   1954 -13078   9624    812 -12279 
  9044  -1083 -14727   8128 -13856 -12776 -13904  -6380  -6597  -6285  -2574  10608  -3663  12716   9396  -1244 -12314 -10919 -10747   3174 -14185  -3325  -7586  -6762  11457 
-10571 -12422  14535  -8655  -2650  12633  -4998 -11493  -4328   9136 -12677  -7137   5248 -10909 -14572   5544 -14410 -11163 -11354   -922  -6256  11007  -3493 -14849  -3621 
-12768  -8908  14849  -7063 -14860 -10883 -14564   7041 -12410  12111  -3954 -12621   8140  13912  12254 -14710  -8439 -12322   7885  -1880 -10666   -510   -630  12605   -650 
 10306  -5851 -11369  -1500 -12990 -10682  -4080   4194    460   9247 -12188  -4850  -7915  -9313   2578   -330 -11710  -4376   4101 -12115 -14550   3332   1908   7262 -10146 
 -8749  -7161   1249  -7577  14920   3899  12492   2126  13525   7943  13900 -13775   1572  -8256   3444 -14283  12808  13626   -812  14568  -1869   5936  13390   -856  -6103 
 11493   2597  -4999   8693 -13300   3671  -6862  10522  -8475  -6099   -311 -13236  -2646  12816 -14127     96   1833 -14434  12353 -13871   9394  14845  -3465 -14219   9523 
 -8593 -13236   4289   2978  11047   -630   3896  11419 -10660  10188   2584 -10421  -5221  -3484  11401   1420 -13471   4531   6141 -10415 -14103  13012   4269  -8891  -9661 
-14792 -12730  -2385   3750  13979 -12370 -14695 -13866   4956  -1489   1073  11498   6127 -14900  10863    889  11947 -12378 -13576  -4397  -4100  14343   2115 -14219   3498 
 -6717  -1286 -13361    862 -12636   1699  -8606  12386  -6822  -7809   2071 -13961  -5731 -11342   4035  -1266  -4250  -3675   1855    736  -6560 -10839   9124  -5474  13721 
  7389 -10586 -13105 -13747  11089   4644   6456  -7674  -1173  -5636  -5257 -14547   -886   2084   4786   6564 -12359   9975  10406  -3641   6856   1484  -1766   3791   6342 
  3021  -5788  12361  -3696   3335  -1746   9159   5824  -6723 -13495  -9515 -14593  -8190   3812   7470 -14483   6023   4135  11056 -13244 -12367   6627  -7026 -11080  -4114 
  1694 -14523   -479   6730 -13097  -9519   4699   4157  -5501  -9312 -10899  -9785  11234 -14954 -10646  -7489  14193 -14860 -14443    617   -714   2979   8648   8518   2679 
-12395   5911  -3792  12669   9086   6320  -5210  -8553  -2049  -3067   2660 -14032  14803 -13522  -4554   6469 -12467  -4984  -6129   2115   2562 -12893   6229  -6418  -7997 
 11611   6272   9911   1486   8516  -7453  -6290  11588   4684  -4919  -1786   6110  -4965   9924  10905  13788   1726 -10430   2731  -2497   1029    865   -845   5688  13865 
 -9723 -14376   1248 -13055 -10969    760  12073   3224   1392    494 -14315  12457 -14635  10261  -7898   1834   1702 -12585  -6379     65  12787 -10068 -10553 -11117 -14835 
 -2191 -14005 -11863  12646   4052  -8374 -14952   5585 -10199    714 -12831  -5156  13207  -9967   3478  -4000  14692  -3359   3774   4182 -13247  11297 -11525 -14612   6666 
  6795 -10390   8665 -13607 -11099   4043  -8211   2360   9458   7394  -8724 -13184   -663 -13077 -14948  -9538 -13835  -8586  13085   5331  10848  -4965 -12472  11167   2715 
-12724 -14468   7312  -3298  -6395  -1594  13973   8104 -13858   3870 -10457 -12961   -337  -3575  -1910   8201   8823  -3429  -2736  -6274  -6401 -10354   9504  -9891  13754 
  1425  14005   4863  -1552  12514  -5335  -2135 -10725 -13025   5748 -13867 -14190  12122   2352 -14380    868   5739 -14433    733  -1145   3466  12782   2601  -3278  -8931 
   443  14450    903   -562 -13403 -11048  -5771 -13136   7492   9942   6621  10436 -13991   1653  -7949   4328     40 -14450   4328 -14689  13667 -14217    966 -10136  -9657 
 -9465  -2917   1943 -10771   8634  -3111   3863  12794  12075  -1283  11909  -5272   6398  -7313 -13644 -13480   7629 -12424  -7353   8264  -6299   -612   1663   7859 -14334 
 -4785  14161   4790 -14904   7882  -1604 -13320  -8251  -5070  -1703  14606   2340  -8907   -460 -12318  11923 -12424   9178   5727  -3786  -7825   1715   3210 -11315   1694 
 -9326 -13892  12003   3805   9611  11037  13640   7953   -507  11442   7362   -967   8975   8781 -13873  -1899 -13625  -7207 -14641 -14627   9241  -4592 -14240  -5166  -9226 
 -6335   3306  -2753  -8058  -7855 -14148      2 -12082   -767 -10922 -13440  -5707 -11666 -14153  -1163  12307 -12883 -12486   6106    267   6073 -13666 -12580   -869   4822 
-12301  -3796   -399 -11272   1804   4033   6400  14233   -127   1189 -14636   4838   8324  -6882 -14814  -3830  14118 -14054 -11612  13743   5114  -5182  12707 -14142   6090 
-13242 -12507  12151  -1911   3296   5226  13966 -11639  12630   3810   4564  -9746  -7233  -7903   5356 -13518 -13974  11333  -5809   8971   -454    695  -6766   5306 -14841 
 -7168  -5656   6246  -4799  10975  -6681   8152   7382   8600  -5233  -7513   9558  12430  -3192   8551   1366  -9452  13995  10526  12050   -383 -13421  10999 -11946   1922 
  8342 -14582  10142   4533  -9952   4732   5500   9587  -2017 -12268   4410   2029  -2604  -2866   8640 -11910 -13098 -14622  -3143 -14082   8780 -14297 -13838  -4943 -14971 
  2948 -13054   -185  12456   -345   -464 -11469  -5949  -1030 -11887 -13038   -451  14547  13169   8867  -8866  -7188   -780  -1803   2065   2066   7165   4259   7401   1825 
 -3505  -4492 -12445 -13314  12275 -11938  13675 -14633  11481  13724   3617  -8485   1474   3584  -6692   5682     92  10121 -14786  -3033  -1361  -5320   2732   8405  -5703 
 -3552  -8153  12046  11093   8125  -9667  10572  12130  13958 -14813  -5399 -14609   6853  -3741   6546 -11811  14247  14006 -11527  -3630  14991  12267  -7478 -13240   6320 
 11073   5345   6655   4827  -6894  -2118   9423  11157  -2659   9000 -12705 -12740 -13303 -10422 -13000 -12403  -9561   1979 -14525  -8562 -10120   9994 -11432  -8303 -14658 
-14742   8233  -8309 -11529  -8790  -7781  12512   7224 -12441   5159  12596 -14954   -640   3967   8573  -3077    458  11381 -12500  14423  -8443    537  14000 -10779 -14114 
  -478  13921 -14210   2904  -9072 -13439  -7340   2198 -12962   1946 -12535   9914    157 -12480   4318 -14607 -13634  -7702  -1725  -5360   7953   5120 -14951 -13221    462 
 -4299  -9938  12900   6223  11543   2453   6220  -7801 -13645  -6126   4452  11470  -8800   9838 -13083  -8501 -13261   6184    482   -616   5881 -13687 -10374 -14303 -12427 
-13331   7506  -9011   1861  -8815  -6077  13153   5276  -9065  -6321  -4575  14315   1599   1242 -14792   7362   4776  10262   5977 -14620  12996  10944 -12633   8082   5724 
-10486 -13407  -4302   4948    472  11139   -753 -11727   5422  -6661 -12732   9176   7913   1271   2363  -7016  14254  -2602   8276   4203 -10719 -11011  -3423  -4999  -7593 
   891 -12023  -5666   7565 -13640  14540   9645  12826 -14700    788  10805    -94 -14418  13006 -10877  -2163  -5150 -11081   2344   7607   3671   9658   1852    361  13751 
 -3207   8354 -12968   2720  -5334   6286  -2291  -4998 -13660  -7867   1205  13402  10169   5668 -12855   7974 -13162 -10524  -1726   8955   4490  -6116   3413  13259   2868 
-14378  -2540 -14822 -14656 -12664 -14743 -14324    643  -7317  -7046  14311  13316  11758 -13327  -7777   6925  -7552   9121    450   2818  11208  -8814  -4400  -8590   8169 
 -1250 -10081 -14100   6917 -12737   5886  -1260   8960   7528 -13415 -13067  14470  11412  -9443  -7527  14671  14940    412   -297  14241 -13749   1586  -1939  -5353   8632 
-11799   1359   7842  -1590  -4646 -12226 -13668  -2656  11413   3227  -3259  10948    707   -898 -11624  -4836 -11510   7427  14141   -557  12593  -4892  14037   9879  -8059 
   333  13488   5381   4475  -8981  11411   2657   8854 -14314   6840  13195  -6005 -11694   9495 -14339 -13197   5184  -5660  -1989  -1950  11162   5977   8854  14694   8079 
 12469  10255   8337 -13989   9349  -4205   8555  -2804   6178   2211 -12607   1712   3195 -13050 -14957  -8814 -13597 -13637 -13828  -7209  -3505   2610   3731   7043  -5141 
  1212   3362  -5999  -3894  -8385  14965 -13293   -265 -14339   4998  14520   -281 -13689  -6891   6076 -14081   1344   7502  -2076   9303 -14371  -8026   5337   8894   9028 
 -6650 -14348   -514  -1773  -8661  -7669  -9631 -13010  -5555 -10357   4723  10367  -6658  -3385  -4086  -3302   2134    144  -2428   9583   8269  11014   8784   6595  -3992 
 -2387 -13185   4577  -4712   5572 -13636 -12325  -6817   1490 -11605   2617 -12492  11137   2638  -3461 -13015  -8017  -7203  -6209   8139  10435 -14858   9145   4425   -195 
 -4125   4894   7129  -2926  -3300  -1772 -12456   3382  -6644  -6425  14896   5882  13336  -9219  -9857  -5992  11998   8716 -11146 -13733 -12407  14730   1791  12326    143 
 -5531   8098  -9250  14020 -13067 -11095  -7705    908  -8401  -2942 -14122   -405  -1509 -10906   2469 -14602 -14761  -6088 -11484 -12582  14334  -3408   -145   1311   2292 
 13496  -5675 -14674   2883   -746  13848  14353  -7717  -3764   2240  -4997   4276   3260   6581   -504 -12585   6928 -10995  -1211   6080  12761   -477 -12813  -3284  -4746 
  2281   -248 -13066  -2760   7551  -1033  -5287   2756  -1532 -13312  -2930  10424   9900   3564  -7289  -2927  12306   1315  13536   1996  -9264  -8226  -8173 -11189   2894 
  5299  -3861  10235 -13402   6285 -10949   5044  -1294   7340  13007  14688  -9745  -4627  -9821 -12241 -12657  -9908   9811   5931  -1526  14759  -5933  -8904 -10628   4805 
  9056  10271   8544  -8810  13750  14587  13935  -5700 -14204   3858  -5142  -1973   3357  -1864  -4122  -3123   9584  11120   4072  -5750 -14278  10069   7857  10246  -2694 
 -5704  -5029   9930 -12506  13067   1189   7015  -5604  -7171  10124  -8263  11099  13799  12315   3433   1395 -11673  -8829  -3403  10810   3658  12910 -12477   1217 -13392 
 -8559  12628   3974 -14486  -6528  14951  -9493 -10841   -569  -2850 -10265 -11824 -14538   6420 -14901 -14928  -4228    718   2921   3032 -10760   1729  12960  -3774  14283 
-13277   8186   6708   4402 -12937 -11094  11879  10515 -14684  -5136   4201  -1323   4471  -3185   9280  -3467  -2198  10368  -5808  11990  -1583  -5144  -5249 -14040   5981 
  1096 -12394   2478 -12084   -269   -278  -7958 -11857 -14906  13885  -8487   5745 -14366  -1057   5781  13205   -546 -13337 -13786   8767     76  13003 -11634  13814 -13736 
  -685 -12242   8104  -2360   1969   7499   8686  10335  -5655  12518  -9582 -14300   8873    775 -12258 -10492 -12244  -3572  -9257   2532  -4002   4672  -2277 -13895  -5055 
  7087 -10810  -6645  -3441  -5575  -5110  10967  -6751 -12619  -8032  -1660  -8049  -9863  -9462  -4584   6041  13640   1820  -6996   6085   3146  -3654  -3298  10698   9586 
  8931  11013  -9171 -13509   6383  14314  -1878  -1147   2324  11701  -5931 -13921   2351   7013 -12799   9893   1729  13828 -12191   1036  12088  12250  -5779   1147  11633 
  4066  11655  11996  -8070   7546 -10017 -10316  -4196  13406   9108  13487  -8295   5335   8476 -12672   3378   1072  12005 -12362  12524 -11926  13884   6419 -12268   4657 
-14993  -3541 -13872  11278 -12547   4136   6297   -547 -14537  -7963 -12521 -14255 -14541  -5255  14859  -8744 -13911   1476 -14943   4330  -2978   2120  10023  14950  -3577 
 -3014 -14951  -6578  -3558 -13656  -4448   6129 -13105 -14386  -8468   1306  -8028 -12810   1949   4487  -9187  -9076  12055   7836  12941 -14486  -4554    857  14921  14753 
 -1648 -13479 -10950   8326   4091 -12276  -3197  13248  12880 -10375  10595 -12690   2158  -2771  -9123 -13185   6017 -13258 -13417  14222  11652 -11834  -2175   8186   9732 
 -4046  11446 -10706  -5081   9418  13863   3951  -8722   7198  -1418   4834  -2889 -14226   2208   9120 -10490   1620 -10273 -12020  14212  -1074 -13922   8549   9544 -13475 
 -6705 -13673  12630  -5756  14506  -4777   3429 -14933   7031   1646   2022  -6636  -6467   2645   2369     16  -4389  -8445  -2462  -8077   6823  10243   7284  14405 -12970 
  6345   2540   8634  10140 -13291  -1846  -3740  -7149   2234  11803  10152 -11551 -13622  -3389   5743  14486 -13614   2425   3869   5203  -3716 -14829  11463   4401   2194 
 10756   3745   9952  -5872  10787   5813  11663 -12418    430    219  -5876 -13700  13966  -6683 -12499  -2145  13020   -230   3438    635   6053 -14155   4571   6657  11498 
  3023   6961 -12276   4843 -14677   5184   5942   6310 -13040 -13982 -11536  -9318  12045  -4013  11730   5328 -10473  -5783  10799  14108 -13803    995   8429 -12944   1730 
-12696   8851  -3693  -1160   2320  -4444   8769  -5103  -5218  -2772   8786 -10716   -305   5784 -13795 -12423   1800   5578 -13520  -3405  -7830  -3987  11612   1624   8953 
  4486   1789  -2063  13054   4684 -11152  -1656  -6998   -710  10773  -3443 -11269 -14494   3460  -7222   2532  -3068  -9521 -14438  11176   5727   3847 -13019  14727   9671 
  7169  14097   8348 -10248  10585   5253   9222  -2646  -6472  -4532  -7866  -8858 -11437  13908  -3096  10391   7860  10893   -922   9956   1725 -13596   3657   9149 -10518 
 -5259 -13935  10804  -4906  14076   9047 -14882  -6655  13709   8625  10523  -9520  11142   3798   4035 -13611  -6975  -6270   6112   7761 -13603   2204   -301  -7945   3808 
 -8169   5074   6643   7494   9494   8063  -6869  -2531  -9389  -5697  12741  14213   9665 -11831 -13847   2961  11376  11389   1992   6467   6577  -8968  -9251    439  -3460 
 -9371   2162 -14227 -12786   7701  13927  -4370  12502   6355 -14545  -1320   3730 -14735   2075     -5  14262  -3929  10971   -809  13837  10782  10050  14980  -9054  11975 
 -5559 -12381   3809   7793  -2473 -12394    762 -14949 -10049  -1556    902  -6010   6282   -481  -2963 -12450    632  10114   7943 -14709  -2495   1397   2433  -8555   6432 
 -7205  -8829 -14283   4498  10190   8719    160  12380  -7023 -13139  -9897  10955 -14444  -4667  -2006 -13761  -7200   -948   1102  13547 -11300   1186  10671  13270   2860 
-13942  -6521   6693  -6412 -12418 -10448  12701  -4743  14698  -3017 -12188   7383 -13490  -2383  -1017   4594 -12245 -10542 -14192   7086  -9307   6331   3067   3683   8103 
 -9324  -4849  -5237   3903  -8485  14161  12734  -5641  -3589   4688  -5919  -9101    545   7513 -13975  -1268  14923  -8387 -14586 -12358  -5726  -7340  13743   -201   9225 
 10178   8888 -13983 -12042 -13368  12379  -5919   7296 -10624   9366   5642   -326  -8974 -13536  12547 -12992  12617  13218 -10455   2831  -1700   8228  -6225  -5478  -4697 
 14277 -14762  13850  -4021 -11856   5254   4645   5461  -5045   1987 -12670     67   9394  -6336  14652 -14956 -13006  -4404  10229  -5952  11067  14375  11133   -616 -11359 
 14952   8611 -10577   -255 -10084   6475  -8407  -7044 -12673 -14448   8435   3037  13201  13901  -6397  -2353 -14752 -12841 -11039  -5554 -14116  -6163   5990  -5028 -12773 
  -717   4803 -13835  14251    987  12742  14660 -11017  -1659  14937  -5097 -14870   7815 -13492   9873  -1029  -7616  -6316  11806   7839  -5718  12627   9388  -8812  -7121 


