Random, 10000

 -2939  14698  -6496 -13187  -4384  -2444   4971  -7776   1831  10195   3319 -10434  -8764  -7469  -4173    793  12355  -3488   4136   1959  -2283   3518   9948  -8091   4237 
 -6278  -3210   2158   7471  10400   6946  -4276  -3798  11310 -14793  12302 -13838   3785 -13337 -13975  -8140  -6481   9304   -187  -8907  14317 -14303   -863   7482  -1838 
  1750  12182  -8868 -14990   4855   3509 -10819 -13680  -7099 -11832  12230  -8473     39  12974  12723   9352   8525   -922 -12767 -13464    659 -13768  12295   6778 -11992 
  2621 -13804    507   2543  -7865 -11497   1485 -14811  -5919 -12844   3639 -14828  -2644   7477   4106  -3544  -2265   5263  -5161  -1679  -3967  -8921 -12961   5928  -3156 
-11019   8011 -14220 -11597 -13656  -6370 -14416  -1203 -14919   7527 -13643  12466  -3356 -10693  14175   6061 -14636 -12830  -4211 -14093  -2817  11729  -9369  -8781 -14622 
  7640 -14698  10862   3727  -2659  -9455   7177    405   8777  11286  -5343  -2019   5249 -12232   6558  -1475 -13672 -14130  -4469   4521 -13565 -10294  -7131 -12426   8973 
-11367 -14592  -8413 -14181  -3510  11923 -13607  10067 -12301  -6627 -11022   4137  13392 -13708   2745   9466  -9298   -166  -2960   3725 -14585  -4008   1688  11766 -10385 
  8825  14444  -5875  14510  14958  -7249   6942  -8401   2063 -11865   -542   7449 -10512   6506   7854   4795  11573  13144  13291   -467  -4953  -6679  -6458  11828   2567 
 -4183  -6872   7271 -12638   4736 -12311  -3440 -10203  -7113  -9919   -171 -13645   2104  10111  -8680  -5835  13973 -12291 -10725   2033  13388   -429  13544   3423   8394 
  7115  10224  -2761 -14468   2837  -9870   2511   3534 -13252 -11106 -14428   1151   7385  -2821   7990   1553  -6009  -6906   2330    154   7574  -4068   8266  -5132  14852 
 11161  14015  -9207   9384 -14831   6210   2126   9905  13536  -4225  -4978   6479  -6354    347  -6423   7088   2037  12935  -2276  -6866   3446   2901    771   1991  14088 
 11723 -12501  14029   2306  -3593 -12644  -6690 -13654   7297   1321 -11241   -368  -7289 -14097 -10363 -14571  13732   1811   -804  13617  -2222   1793 -12436  -7500  10867 
 14560  -8880 -13927  13354  13331 -13335 -10588  13551   -250   4235  -3948   9955   1063   8565 -14039  13920 -10190  13063  11164   2261  13746 -10961  -5782  -6703 -11835 
  1317  -2749  -2467  -4577   1880   9507   3727 -13231   7592  -8257  13660  -6581  -4651  14626  -8530   4128  11319 -12953   2998  -6390  -8528   4555 -14972  12718 -13344 
-12805   9685   5537  -5481  -1132  -7636 -14806  -6768  11563   3364   4170   1884   9098    516  -6151   8860   6940  11924  -9549 -13709  -6198  12079   2867  -4293  -4393 
 -3814   6783  13175  -2040 -12524   8740   3337   6665  -9170   9155   1702 -14836 -12067   4556  13702  14003 -12722 -10870  14176 -14800  -5127  -2464 -13163  -4181 -12728 
-14766  -7508    -29  -4453  14278   8958  14617  11189 -13477  -9806  -4566   7225  -4579 -14100  -9989 -11895   3872 -14575  12313   7181   5683  -3984 -13712 -12156   6631 
  9036   2398  -2153   5644  -8196  12338   7092 -11728  -9370  12983  10521   4450  -2840  14629   5167  -4292  12105  -1417  14874   3616  13808   -823  12174  -1343 -13021 
 13573  -3612  -5915  -2636 -13890  11885  11626  -1272   -676   5126   6535   1335    890  -7444   6997   -630 -14964  11986 -14450  -2463  -9531   1841  12436  13861  14136 
 -1568  11957  -4483 -10691   9188   -595  -3131  -7146 -12456 -11412   2236  10962   1714 -11238   4732 -14734  -2963   1881 -14160  -7093 -14134  13002  13825   4523   5102 
-14175   7377  -8769  -6813    670   5164 -11596  -3918  12388  -3845   2589  -8140   8940 -12421  -8043 -13787 -11440 -12050   3237  -1030 -14848  -7791   7400   4084   6664 
  6861   8556    246   7574   5553   1116  12436   2998 -13201 -10788   4972 -10399   4935   3893  -2119  10166   8146   4402   6693  -5753  -1952  -7734   -801   6679  -9804 
 -4866  13550  12066   1069 -13051   8645 -13587 -12296  -8793 -12826 -11071 -11900   7911   8428   -829   8758  10980  -1547   5349   8543 -12848  11292  -8910 -13254  14404 
  2912 -12460  13659  13052   6880   3403   4725   7591  -9163  12170  14905  14098  10501   7203   8344   4034 -13611 -12253 -13008  -2413 -12306   4224  -8196   6303   1445 
  5427 -12198 -10143  -4348 -12959     44   8219  -3700   6894  -3757  13172   9807 -14733 -12648 -12491   8312  -9408  -6242 -12457  -5921   1181  10516    646 -10278 -12202 
 -6865  13481 -13276  -1418     88  11989  10021   9810 -10718 -12899  -6759  10441  -5506 -14259   3666 -14389 -14847 -10629  -6827   4888 -14969  -9468  13407  14922   5186 
  7708  -6023   1046  -5674 -11077  11723 -13617  -9512   5745   -587   8747  -4941 -11955 -11492   2634   3229  13565  -1790 -11276  -3382  -9930  10074   6691 -14881   9047 
 -7654  -2879   4777  12105 -12655 -14158  -5105 -13704  -3333  -9963 -14523  -1751   5203   -569  -6077  -4813   9832   9001  -3466  14288    563  -2268  -3659  13513 -10648 
 -6294  -4234   4108   1611 -11010  -6078  13648  -5435   8438  13670  -7428  10679  -2432 -13893  -7099   6030  -2525   2505  13975 -10472   9799  -2472   7735  11158 -13064 
-12842  -4570  12562   5863  10065   1864  -4366  12209   6892 -11579  -1842  12132   7491 -14721   4479    320   4390  -5145   1144  10170    192 -12230  10586    455  -8758 
 10191 -14910  -2730   4607   8900 -13260   8990  -3120 -11241  -8096   1947  -3240  -1341  -2103  11603   5010  -6612 -12150 -11170    970  -1603  11375  13093  -4783   5072 
  8573  13418 -13963  -9266 -13739 -10615 -11344 -14746  13306   4093  -5088   2084  -8192  -8923   -457   7531   5317  -9400 -13693  -3710  -5612   5336  -9262  -7416  -7384 
 -7437  -8513 -14655 -10818   2095  -2737  -1920 -14482  -5993 -11022  -3254  13626    753  -8220  13496  -1688   3907  -9821  -4195 -12708  -6507 -13707 -11799 -10517   6135 
  6732  -7731    764 -12602  -9709  13856   2639  -4564   5386   3586  -5229   1510  14473   3007 -13375   1098    799   5878  10656 -13944  -9524  10746  -3661     48 -11408 
  3704  -5067  -8460  -1660 -12966  13175  14256  13576 -10772 -12680  -2137 -10052   8253   9128   -753  12691 -12599   4119  -6703  10853   4948  -9039 -14759 -10268  -9447 
   -35   8405    209   1572   -893  -7220  -2448  11773   7711   6604 -11975 -13739 -14877  10361  -6704  -5082  -3774  -8190   1591  13863   4314   2727  -7357   7261  10609 
  5496   8780  10505  -4780  13919  -1239  -6148  -8420  13152  -3493   2048   -638  12064    905  11123  -7820   7844 -12243  11317    616 -13220   9868 -10555   5360   3168 
 -2837  -8026  14222   1529   -768   7688  -7734  13923  -9305 -14989 -13949   4305  14550  -1560  12931  -8270  13267 -13021  -9130 -13517  -8284  -2012    603  10501  -7224 
 -5329   8731  -1696   5412  -9201  -1062  13640   6976  -9086    364 -11761  -2637   3856  10058   7707  -2596   2542 -13339  -9495    211  -7901  10554  14418  11679   7145 
  1191   5389   5034   6486   4349  10358  -8846  10299  14038  -1651  -3200 -10675  14121 -14526 -11362  14978  -9189 -14864  -6075 -13939  11288 -10713  -2987  11439 -11485 
  6318  -6392    501  13930    968  11305 -12409  -6626  -8777 -13183  10322  -7807 -13490  -3437  -7389  -7871   2796  10121  13254   7172  -7466  -9107  -8336  14660  11428 
  5020   4186  -6563   7183 -14009   3247 -13133 -13064   9054 -11096   4411 -14484  -8232  -5131  -2974  -5576  -9453 -11680   3088 -14168 -14494  -4179 -14845  -8316 -14860 
 -2364 -12701  -9075 -10219   1042   3726 -12285  -9566  -1236   4160  -7844   8111  -6219   -303 -12753   4539  -6781  13524   4440  -8941 -11267  10012  -3176  13382 -10041 
 -4910 -13190  14554  -2654   3524   7518  -9155  13709   2816 -14403 -13058  13616 -10846 -12938 -12532   2683  10218 -13419 -14495 -12405  -2926   -931  12809 -11059  -8098 
 -7039   7236 -14028  -1548   9952  -3836   4305   9198   2940 -14128  -3895  -6866  -8576  -9030   6762   4977 -13487   9617 -11372   3111 -13307  -1193  -8815  -4221  13378 
-14091  10743   4558 -13321  10286 -10545   5888 -13151  -1582  13814  -4975   9495 -12748  -7228   5517  -1737  12765  12524   -793  12532  12930  -7261 -13090 -10289  12340 
  5125  13254   -938 -12585  10164  -4814  10475   7125  12482 -14035  -9785 -14621  13265   8163   5183  13861   6520    668    837  11454 -12567  -5674 -14336   7530  -9775 
  2455   5826  -2177  -7296 -13616  10079   8016   -182 -11737  -7517  12709  12333  -5345  -5351   7016  -3660   4441    580  -9823 -14310   1582  14819  -2651   7091 -12661 
-13710   4489  -7288   3314  13044   6365  -7359 -12618   1520  -5737     73  -1424   1978   2382  -3540  -3855    499 -14984 -11708  -2189  -4013   1814 -12652  -6921  -5466 
  4287   1012   6410  -4075 -13431 -12738 -14743  -2137   9599 -14615  12040  -5624   5536   6404  -6018  -6008  -5452  13381   8835   1382  -5996   7539   7629 -11953   9419 
  -704  -7082  -7646    583   -724 -12927  14070   5461  -5211  -5217   7518    972  -5261  -1570  -1044  13703  12883 -12528   9715  -5863   6882  14342   7313    189   3517 
 11619  -7955   7052   1511  -5534 -14707 -12557  13419 -14353   7693   5219   1858  11567   -197 -13799   6006 -10988  -9147   3907 -12969   4655 -14570  12937  -3312   1221 
 -8641 -13134  -9053  -2268  -3052 -10854  12025 -11209   3799  -7011   1103  -5031   8264 -14632   3851   -921  13724  10450 -13665  11033 -12419   2696  13231  -3950  -1197 
  6023 -13450   7221   4546  12654  -5530  -4933 -14014  -8750   9742  -4478  13592  14131 -12735   5160  14250  -5586 -14987 -14296 -11787   4853  14441   8165  -4521   3837 
 -1781 -14570  10181   5878    152   7488   -754  13568  -8955  13209 -13980  -5348   3486 -14566   9752   7648   4845  -5432   6565   6000  13789  11870  14320  13993 -13793 
 -1269   6094   7839  -4147   5266 -13162  -1462   6221   4046   -998  10364 -11655   -441   6144  -7146   8700  -2045   9269 -14517  -6657  -2145  10421  -3514   4870 -14483 
-12349   3129 -12573  10240   8240  14453  -6378 -14570  11482 -12817   2174    150  -8845    546    559   6123  13444   9986   4505  -1330  14001   1330   6437   3354 -10434 
  9846   4307  -6436   3538   9323  -5599  14506  -1669 -12426  -5328 -13769  13555 -13111 -12303 -14556 -13583  13262  -5690 -12776   8931   8686  -7049  -2542  11531   7792 
 14913 -14131  -2136  -9030   5446   6791   2950 -12813 -13777   5677 -12040  -7753  12296  14231  11476 -13858  12663   8746  -4416   2464  -7926   9434  -2900   1826   3819 
 11072  10144  14612 -13379 -12356  13752 -13955  -9031  14079  11629   4888 -14345 -13326  -8683  -1063  14064 -10824   8621 -14751 -12158   5643  -3113  -8980  12594    258 
 -1505  10703   2968   3554  -7806   8917   1846   2615  13617   2814  -4772   8996   4754  -9307   7497   6392  -8568  13490   2963 -12031  -8204   7442 -12087  14757  -7300 
 10084   2902  13486 -13173 -12555   6312  -1050  14232   8431  -5742  13284   4524   1485  -2577   8485 -14050 -13855   5001  13151  -1119  -4805  13369  -9455 -14974  12786 
-12465  -8865   5674 -12973  -1485   6685  11754   -363  -2995  -2006  10488  -8429  10787  -5121 -14717 -11928  -3135 -13177   1072 -11532   4702  -5582   5360  -8006  12604 
  7237   7406   3929  -4656  14452 -12063  -8385  11043  10418  -1601   8473  13432   4936 -13183   -371  -3281 -14044  -4314  -1236 -14664  -4492 -12550    418  -2323   4468 
 11288 -11984  10187   9092   -466  -8355   6207   2174   5760    488  10839  12358   9008  -2816   5592  -4445  -2116   4535   5343   1357 -13929 -14155 -12653   5191  -1762 
 13609  14403  -7058  -4621  -9210   5086 -13534  -3988  -5269   5501 -12474   7776   3682  -4520   9907   -928  10446  -8682   1458   4852   3999  -9674  -4391  -3800   4424 
-12418   5204  14407  -7565  -2605 -13768   5351 -12862   7545  -3307 -14043  -4358 -13782   6859  11314  12428 -12611  13214 -12834   9523  11600  10636 -10604   3061   4437 
-13652  10935  12163   5893  -4867 -14886 -13438    305  10375   8327  13616  -4826  -8286   1161   -400   -557    912 -12311  11495 -13059  -6524  11892 -11397  -9517  -9548 
 -4670 -13818   8942 -14416   8486 -10429  -8100  10738  10496  14612 -13860  12470   7790  -6944   7085  -4596   4879   3669  -7805 -13013   -499  -6774   -103 -12841  -1446 
 -5066  14621  -4825  14905  11040 -11001   4785 -11263  -9258  -3844 -14697 -13283  -9566  -1166 -11497     88  -2886   6422   1453 -10152  -6473  -1686 -10997  -8345   8008 
 -8525   3963  11130   6696  -8942   8868  13675  -6323   5361   -932   1674  12899  -4960  -4675  -8364  -8584   3392 -12470 -14767   2553   9953   3700 -10426   3805 -13642 
-14760   6609 -11488   5042   4525   2328   -653 -12467  10043  10968  -7630  -7033 -10355  -2345 -14491   6769  -6710 -14019   2092  -6936 -13106  11588   3717 -13229   9330 
-14500   -721 -14914  -3277   2130   6117   8777   9715   2017  -9469  -2101   7193 -14423   8765 -14677   6419   3631  10127  -1984  -9494  -3290  -4489  -7577   -230    237 
 -4253   5413  10656   3928   5989  11150   8788 -14718  -4050   9189  -9095   8708   1082    772   7315 -14752 -11448 -14594  12408   1698  -5363  -4860  -4694  -9336  -2007 
  3717  -5660   4830  -7334  -9831   8691  -7921 -12560  -5984    711   2841   2177 -14347   2250 -10096 -12884  -7669  -5775  -6427  11332  -1824  -1264 -13129  13527  13971 
-12558  -6772   6477   4943  12713   3306   1511  12702   1443  -3447  -6746 -13408  11262  -6691  12731  -8543  -4195  -9715 -10945 -14619   9852 -11782  -1756   2472   -704 
-12932 -13204  -4443   8467   7150   7320   4050 -14723  14318 -11676  -5803  -2633   4190   9905    -46  -3250  -7506   9155  11477   -285   2654 -14676   2672 -10678  -5698 
-11000 -13068 -12783 -12295 -14918 -12844 -13856     81   1304   8986  -3517 -13957 -13452  12291   -299   1360   8122  -3362 -12675 -14357 -11153  11115 -14627  -6186  12313 
  1645     73 -14231  -8020   4948  -7947  -9292 -12780 -14359 -10702  -4459 -11238 -13717   6666  -8723  -9551  10504 -10679   4905   9809   2157  -7026   2362  -4425   1970 
-11101   2457  11529  -1361  11530  14984    272   2659   6616  -7526  -2399  13463   -569   1397 -13781  -4418   6534 -14170  13466  -4064 -14302  -1833  13728  -6345  14540 
 -2450  13849   7769   -766  13109   4291 -11368   9424   8048  -3480 -14361 -10389 -14516  -3824 -13954  14649 -12187   9077 -14258  -8473  -3957 -13129  -4903  -2378 -13163 
 -4015   6252   7189   6039  -7604   6255   2421  14721  10162   2831   7257   9928 -14827 -10663  -8276 -14471   2674    346   4184  11946 -14000  10373 -12268 -11773   9742 
  4437  -1411  -9602 -11588   8499 -12183  -3478 -13833 -14744  -4744  13494   4380 -13448 -14661   8556 -13306  -1065  -9542 -14773   1960  -7235  10720  13243   -240  10578 
 -3846 -12294   3019  -8127 -11248   9853  -7850  10080   2739  13524   7381 -13933   3400 -14693   -761  -6674  11427   -325 -10630  -7399 -14376  -6345   6139  12793   5197 
  -808  -3247   9100  11284   2622   -469 -10731 -10632   4950  -8362   -646 -13915    218  -9165   2794   3503   9495  -9623  -2110   6138   -525  10711  14258   6335 -10194 
 10957   5660  10465  14312   9339    700  -5828  10852  -8279   4494   4847  -6901  -9815  12780  -7685 -10828   9098  -7945   3598   2082 -13218  -9415 -14951   1230   7903 
  4489  -8408   3303  -5762  -6866  13555 -10344  -5508  -4281  -8528  13449  11885 -10390 -14213  14248   4633   -629   3866 -11735   1908  -1249  -1877   -821   9936 -13743 
-12754 -10402  -8111 -13418  14490  -7806  -7775 -12114 -10886  12465    998  13994 -14232 -14464 -10767 -12957  -4883  -3551   5816  11593  14791 -13267  13319   2890 -10947 
-11360   8562   1014 -12674  11558   7054   8673  -7055   -619  11105   9033  12506   -838   -490 -12856  -3689   9560  -6923   2157  -8635   9838   4499  -7369  -9408  -1607 
 -7610   5538 -13899 -12727 -11556  12948   7679  -8327  -6771  12985  12336 -13799   6189  -6947  -1299   -561  14759 -14231 -14513 -13314  13222 -13772  11816   6884   7317 
-13631 -14925   9962   9674  14221  13647 -14248  14846  13756   7582  11543  -8191 -13824   9736  -8261  13739    431  -4267 -13680   5910  14654   5243 -12524 -14838   2513 
 11700  -1834   9657   7205   2516  13662  -8531    492   4570  12157   -258   9515   2757 -12538  -5432 -14623  10665 -13171  12508 -12055  11777  12910   6070   -223  -2489 
 -4334  -2384   9164 -12911  -9107  12149   2869   6816  -7989  -9289 -12955   1860   3277    805 -14793   6625  -9554  -4713  -9510  -4280  -3381  -6772   5719   9726   6499 
  -297  -9340  -1390  10651  13717 -12969   -467 -13164  -1694   -689   7019   1249  -1843  -9969  -8855   5476 -13352   6989  11552  11577   1509 -12615  -1807  -2298   9725 
 -9374  -1408   3248 -13823   1383   3782 -13840  -6311   9929 -11166   2889  -8912   8857   1072  -8094 -14954  -3442  14365   7033 -14085   7847   5178  -9174   9493 -10222 
  1551   5803   1748 -14820   3633   1804 -13464   -629 -14313  -5700  12451   2393   9257   7504  -5175 -12671   2074   4480    111 -14033 -13960  10098  -6733   1106  13953 
 -6340  -5401   6981   8505  11940 -14829   -337   8377 -14344 -13860    168   -822 -13289  14801  -5091  -2126 -13576   5829  11125  -5554 -14473  -3695 -12989  -6559  -5560 
 13626   8032 -11476  10109 -14303   1891  14399   9010 -12935   8753  10894  14938   6910  -5910   4039   2238  14052   -958  11235   4162  -3570   9695  11516  -6806  -3455 
  2307  10590   1310 -13081 -14742 -12625  14250  13689   6006  -5515   9481 -13802   9353  -7426   -413    922   6834   6754  -7980 -13701 -12452  -5663 -10897  -9771  10852 
-14683   4739  11705   -614   3994  -7652  -5952 -11446  -4736 -11827   2758  -3541  -1729   4013  -8428  14263   7290   6304    399 -10100  -8090   7128 -12545     18   7901 
 14235   2228   4958 -13906  -3258  -7531   6998 -14585   6802   5432   6678 -13513  -8682 -13001 -12397   1757  -8947  -8957  12670  -7387   -934  13299   6764  14948  11977 
 10592  -3021  -8672   4760  -5596  -7785  10790   2102  14720  11046 -12841   9802   9485  -3232 -13678  12023  13557  -2533   3961  -5538  -5022 -10458   2460   2661  11831 
-12548  -7622  -1097  -9729  -4644  -9894 -14323  13602   7239   3540  -4693  -2977  -7542  -3482 -12243  -1674  13740   6403   9859   6437  -5430 -14226   2619   -682  -8079 
  4104   3070  -2153 -10421 -12825  -3746 -10294 -14131  -9433    -49   6942  -2991 -11643  -1806   1854 -13935   9513  11290   1480  14899  -3644 -13352 -11264  12474 -11813 
  8186  -9530 -12837   4451   6885 -12908  -1057   1165 -14643   6382 -11958  -4125  -8834   5925   1722  13972  -4441  -6855   1041 -12837   2562  -6630 -14122  -8760 -13381 
 -6842  13273  -6551 -13537  14469  -4586   8967  12982  10710   -804   6599    893 -14216 -13826  10416  -6300  10574  -9622 -12358 -12720   3502  -9687  -7896   8777 -13767 
  1893   3096  -2107   -993 -14928  -2727   4905   -573  11973 -11652  -6259  -1427   5001 -14851  -3393  -5570  -5099   9413   6795   2666  -2777 -14617  -4294   9633   7156 
  4500  -2215 -13411 -14318 -13428  -5956      4   -875 -11567  -3390 -10315   5241  11651   -551  -8666   7744   -986   1093 -12001   6875 -13064  -6114   9191   9166  14722 
 -5480  10608 -14497    622  10376  11982 -11472   7576 -13582   6637  13374  -5528   1032  -8060  -2583     94  -8319  -5307   7781 -13330 -12283  14679   2448  -4721   6146 
-10235 -11820   3855   3802    696 -13538   9001  12843   -222   2097 -12760  -9132   2493 -11930   8175 -12540  -6540 -10634  13923  10806  -5729   6569 -13129 -10614   3381 
 -2706   6723 -13131  -6595   3069  -2850 -10165   3718  -9668 -14617 -10501 -10600  -3617  -3872  -7219 -11286   7892 -13694 -14424   8022  -1058   2240 -11497 -10295  14976 
 11301   1356 -14322   8732   2198   9318  -2065   2652  -6614  10991  -8254 -11055   9276  11945 -10230  10714   4798   9354   4977   -824  -2609   9733 -11217   6975  -6256 
  7051   -895 -13345   3124  -4014    854 -13581 -13225  13141   8523  -8821   2449 -13924 -13863   8695    330   5565 -12388  10066 -11824  14499  -1031   2679 -10842 -12402 
-11990  14672 -14048 -11429   4186  -5061  -4564   -762 -11738 -12621   8819 -11411  -7550   6956   7073 -14762    -85  11838 -14129  -1356   1373 -11002 -13285  11302 -10169 
 -9526   6083 -14399   9660   6619 -13445   9231 -13397   5056 -14856  -1449   -815 -11120  13822   1311  -2771   9632   1956  -6160 -11596 -11426   8874 -12504  -6585   2685 
 -7412   8246   4322   4179    -41    307    278  -9601 -11204  -7797  -6983 -13874 -13902  -7658  -7460   3168   2946  -8830  -3587  -5370   6829 -13393  -8578   1519 -14657 
-12957   5462 -12461  -4581  10085   1799   -880  -1571 -10581  14032   5284   6804   7146 -13789   9658  10596 -13735  11353  -8168   -378 -14216   6821  14199   -797  -3229 
 11334   6757  -1054  12625  11009  14568    894 -10417 -12337   7780   3739  -8829  14291   8894 -14438  -4453   9614  -2366  -3285  -2219  -7594 -12350   -670 -12475 -11260 
 -2432  -8946  -8493   6894 -14306 -13291  -6525 -13291   8564 -14317 -13447   7071   7122  -6537   3388   2951  -6969   6355 -14150  -3437  12113 -10900  -4980  -4218   8053 
 -4285    636   7319    -31  -1441  12868   5923  -1328  12576  -7783  12191  -9682 -12640   5480 -10800   4860 -14724  -1952   5438   8183  12546  10928  13798  -4236   9578 
-13855 -10961  -6001  -3974   2312   2847 -13436  -1916   8293  -4145  -3747   3715 -14113   5404  11982 -10905 -10747 -14176  -8611  13228   4764  12769 -10811    817   5390 
  8391 -13667  -3256   7989   8276  -5579 -12023   2707   8591  10433  10733  12438 -11583   3001   -872  10266  -2332  -3201  -5131   -976 -11943  10307  10376 -13587  -1575 
 11812   1024   9383  11438   9367  -7412  -3444  -5341  13581    368   3666     57 -11056 -14553  -5818 -14230  -8658 -10516    959   1236 -12375  -4828  -7005  -3904  -5745 
  2270  10796  13120 -12042   3374   6124  -1230 -13159  -5131 -14833  -2399   3642  -9803 -10783 -12281   3215  -3165 -12400  -4355    782   3070   3378  13116   2848   4256 
-10487 -12657  12208 -13662   5382 -13544 -13611   8037  14733   1595  -6479  -5633 -13960  10388   9625  -6478   9566   9248  -2699  -8493  -2027   9200   4714   9737  -4491 
 -5624   7351  -5980   7263  12376 -14883  13360  13054   5614  -9981  -4534  -5043  -5015   8856  11699 -12326  -1615  -1222  10659  13513    485  -1577  13152   9499  11669 
  4370  -4594   1585   8242   7144  14537  10891 -11582   7571   -271  12502   1752  14510  -7483 -11226  -6716   8603  -2508   4480   8199   4130  -2577 -14693   8458  -2982 
-14958  11751  11023  -3379 -10970  -9265  -4249  -5161   1808   8507  -2331   4687   4108  -2214  -4460 -10903   -114 -10082  11429   8667    391  11016    427 -14066  -9929 
  8101  10763 -14663   -446  11097  -3155   3033   4103   -805  -5128 -10045   4909   5121  10750  -7027  11646  -8642   2291  -3352 -11271   -919  -6428  -6141   7970   5567 
-14732 -11348  14749  -9172   7180  14265   7419   9670   -676   3494   4308 -13719 -13052 -12417   8214  -8788  12426   2048  -1892 -13255    450  11772  -5885 -14785  -9405 
-12549  -3911   5440 -14053 -13017   5718  -8638  -3646  13417  -2000 -13591 -13491  -5425 -13527   9962  12516 -13568 -14693  -1815  -5002   8468  -6759     98   2219  -3890 
-11108  14080   -229 -12565 -12268 -10680   5821 -13360   5747 -11929   1698 -12130   8658   7214  12515 -14040  -4505  -7333   2520   2122  -3735   6682   -118 -12895 -11949 
   203  -2709  13919  -8393   2310  10309   6003  14933 -14933   3697   8739 -11796   -160   2121   8878  14672  -2969  -2849   4656    573  11659   -272    -59   4459   1654 
 13843   5361   8546  -5539 -14282  14656  -6256  13514  -4277   6441   3993   3999  -6337   5176    238  -3496     44 -10643   8865   9872   8399   8415   4472  -2618 -12996 
  1444   -960  -7070   1488   6901   6755   7667   4712  -5746  -3907  -2373   3536   6740 -10068   9837 -14977  10042   -666   8245 -13232   4965 -12705  11257   2228  -4465 
-12532   9439  -2761  10153   6930    271  11552  -3388 -10110   1722   4973 -14799   1656 -11685 -12275  13031  -1759   4668  -2239   7206 -12899   6972 -14483   4698  13127 
-14944 -10509 -10942  -7838  -5559 -13504 -13280  -3372 -14507 -14024  11349   5702  -2617   5619  -2730  -7252 -12645   6574 -13375   5842     52  -9988  -3642 -10185   1001 
-12433   -514   2079   3264  10366  -8111 -13645 -11399  -5251  11799   -627  -7217   9164  -1667  11681 -12550  -9906  14378   1854  -6280  -4836   -733  -4507  -5619  11899 
  2540 -12136  14345 -14629  -1295  12199   1737   1347   4900 -12601  10368     26  -5402  13796 -11720  -6393   1579   -200    787   4907   5593   8989  -3881 -14644  -6030 
 13855   7593  -1019 -12813 -12970  -1255   3004  -3332   -781 -14034 -13404  -2256   9496 -13852  11173 -12882    237 -12283 -13910  -8221  11248   4883 -10887  -9785   4492 
 -6498 -11529  -5841  -1298 -10765  11212  -4493  12052   5091  -4075   -114  -9946   6086   3929   3383  10506   3008   7615  -7347  -7629  -4029  -1666   2168 -13127   6357 
 -7020 -13347 -14466  -6636  -6469  14643   9137  -7945   2969   6725  -8004   6998 -11977   3959 -13039  -1619  -9548   -581  -4482 -13795 -14838  -3354   9734 -13133  -4814 
  4110   5279   4333 -13900  -3273   9300 -13190   5186  -7121   1738   3906  -4427 -14153  -5938  -1882 -13961   9187   1072 -11767   9203   9412    980  12943  12618   2116 
 -4602   4132  13640 -11696   2318  -7743  11670   8765  -4604  14058   6961   9828 -14155  -6020     26  -3312  11496 -14683  -6832 -13462 -10229  -6092   -773 -11053   6385 
  -237  13546   7074 -13328 -10735 -12993  13039 -14540  -9243 -14487  -4673  11083  -8336 -13278   4768   9228  -7869   4315  -9913   5014   7777  13190  -5256 -10830  14406 
 -6542  -4826  11409   7720  -1396 -12324 -10584   7036  14594  -2725  14015  12220  -5124  -6779 -13037   4968  -8313   7033  10724   3659  -4399  11776  -4003    767  -3684 
-10456  -7283 -11341   7661   7982  11215   1068  12804  11937  -6776 -14375  -1391   3013  -1795   5197   2341 -14538   9320 -13850  12007  -9267  -5046   4275   3976 -14905 
 -6654  -5417  -8071   5412   4255    806  10331   -178  12275   8697   4791  13307  -8728 -14034  11247  -1708 -14824   7011   6516 -11433 -13722 -13683   8762  14970  14611 
 14251   7017   9617  11040   8656   3414  -5391   1229   9630   9393 -14427 -14725 -14448 -12593 -12335 -13890 -10564 -14005   9127   7845  -4376  -9191 -10873 -10905 -12664 
-10340 -12247  -4577   4932   9513   3184  -8982    254   6891   9879  -3219   2247  13015   7487  -4244   8999  11746  -4644 -10344   -297  -2190  12172   6825  -3197  -8941 
-14647   9389   4558  -4500  -8318  -8544  -2921   6513 -11114 -13252  14202 -10534   3680 -14623  13978  -1325   5800 -14167  -1122   -523    761 -11512  -1030 -11659 -12338 
  3488   3184   6555  -9676   4426  11734 -12938   7868  10921   5913  13007 -14452  -3863   8322  10075 -14382   9623  -3016   8244   9617 -14666  10247  -4982    396   1807 
  9311   4246 -10650   8392   -864 -13104  13063  13880   7316   9570  -3006  13562  -4291   -548 -13181  -4288  -7470   7465 -11793  -8342  -4604  11714  14808 -13864  -1403 
  3617 -13491  12540 -10037   1401 -14581 -12365   8466  12452  -6705   3541   9632 -14804   -836   8970  -9652  14767 -13364  -9248 -10943  13741  -4437  13595 -13056 -12237 
-10511 -13284  14244 -14371   6510   3238  -4246 -11895   3290  -3316    112 -13866   6893   7278    957 -14330   4988   4950  11138   8323 -14923  10686  -7009   6506   6062 
  8229  12649   8274 -12744 -12879   8619  -6297 -12886  -3657   3051 -13913  10589 -14935  -5138 -13791   2945 -14065   2686  -2405   1273  -2582 -11670  -7004 -10827  -4492 
 -2353  -7511  -9652   9212 -12650  11132  -7267  -8208   2366 -13007  12726  -7364   8411  -7398   5621   4050  11615  11254    108 -12150   -743 -12187   -886  13101   5755 
 -4705  -7944  -5940   1824  14438  14018   8279   9230 -13255   7095  -4245   7992  -1333   9234 -14279   5703  12211   -166  -6959   -359 -14540  -7034   -314   4746   8289 
  2405   3313   9203   8618  10557  -2675  -2063 -13958  -8525   1471   4072   6452 -11030  -4570    967   2970   5103  -4685 -11891  13888  -5035   7867 -14836   8000 -14820 
  6730  -7444   6960 -10536  -6725  -6668 -14511    782  -8571 -10875  -3063  -4382   6232  13927   5012    495  -7831 -12599    246  -7561  -7926   6786  13108  11196   1149 
-11107  12483  -7251  11786  14869 -10431  -3131  -9649  -5667 -13469  10545  12248   1571   9519     49  11503  -1322  11371 -13937  -6219   3430  14677   8823   5234   6603 
  3476   9647 -14806   8392  14703   8166   7537   2929  -7875 -12237  -9857 -14357  -2276 -13795   -121   9075 -14411  11226   3141   1441   8801  -6252  -7209  -3858 -11338 
  7712  -3123  -5003   3109  -5102 -14766 -14907    246  -1829  11951    800  -1869    308   9782 -13040  -7532  -8000 -11452  -1771    571  -8468  -5989   5046    929 -12822 
 -4565  10998   2897  -3072  -3357   2262   5844   9802   4296  -2276 -13253  -8569  -2236  -4013 -13356 -13758  -4160  -7661  12136  13423   4213  -7038  -3150   6410   4478 
  2843  -8188   7162  -1998  12974 -10371  -6341   3250  -3928   4197  13372 -12866   1941 -14677   1158 -10547   1251  -3438 -12897  -5028  -5143 -10329   7214   8838   4648 
   -10  -3489 -11819   4304  -2179  -6775 -12712  -4218  -9247 -13858   5365  -5020   5216   9348  -7423   1345 -14841   2834  -5106   9779 -10203  -1508   8708   8531   7423 
 -7902 -12733 -11328  -3387   1253   9256   7143  -3899 -14388  -7169   1281  -2849 -11897   2040 -13348   9529  -9742  10636   8415  14900   6972  12353 -13495   9374  12104 
-13956   4537  -7127  -9133   4758   3059   8731   5336  10547 -13136  -7096  11952   5583 -14681  -5059   5502 -12439  -6115   5823   -950    134  -1624 -12428 -11668   9374 
  9255  -4897    -84  -2151  -9914   2194  11175  -6737  -5330  10142   5237   3243  14411 -14513  14472 -12734 -12510   8726 -10281  -9053  -7548 -13418   4156  -2737 -10963 
 11268   6427 -14086   1647 -11783  -7611  -1837 -14060  -2997   6684     50  -1598  12874  -8457 -12513 -14438    878   8136  14442 -12828  13825  -4100  -6328  -8930 -14823 
-11614   8651  13426   8393 -13409  -1082  -9417  10136  -4286   2830  13243   2098   5957   7381  11072 -14547 -14637 -10957  11076 -14800  -1024  -4858  12294   -896   3989 
   508  10309  -1125  13050  11502    587   3639   1369 -11664   2602   8877   1024  -7770   -698   8290  -9721  -2727  -2285  12678 -11469   2889   6944 -11006  -2533 -14907 
  8277 -13141   2441  -5254   8569 -14709   2339   6537 -10506   2435 -12981  -9252   7649  -9126  -5565   8121  -4043 -13400   2709  13463  12895 -11958 -14158 -12495  -1536 
 -3747 -13351 -12887  12782  -3554  11322  -6896 -13749  12835  -7588 -12461   3323   3594 -14916  -3272   7552  13603  -8521  13497   3560  13929   4009   -305  10010  -9801 
 -9897   1603  -6772   6456 -13991  11968   6665 -12512   2813 -14802   1969  -5223    377   2619   9025 -14592  13631  11322 -10348  -7086   4774 -14543  -3222  14305  -9467 
  -979   9321 -14772   6099  10457   9057  12205 -14067  -5041  -2604  -1260 -11560  -4562  -5962  13877  -4504   7149  10353 -14292   8736 -12177   6700 -13702   1275   6615 
 -9651 -11396 -11990   4509   1084  12071   2559  -1310  10090  -9749  14601   6912   3475  -5851   1665    102  13888   7622  12516  11171  11151  -2555  10210 -12608   5174 
  1873 -12681   5843   9926  13450  10328  13265  -7635   5232  -2416   4772  12159   7260   1899   -643 -12042  -7378 -14238   5740 -13050   4230   4729  -8146  -4650 -13257 
  6134 -14010  -9187 -13113 -14334  -4785 -13864   3421  -9530    144   -106   8710 -13795   6609  12348   1047   3104 -12691   2234  -6937 -12831 -11095 -12526  -2051    952 
  8260 -11819   5176 -13171  11599 -10336  -2739  -9386  -4801  10215  12663   2082   2625   4337  14185  12116  -2867   3876  -6008  -5868  -4226  -1661   9047  12066   3361 
-10379 -11726    188 -10996 -12649 -11712   -574    433    245 -14685 -14361   3442   8870  11249  -7604    439  -3979 -13641  13944 -14579  -6665   4445 -14230   7859  -3079 
-13194 -10237  -9087  -6391   5913   4317  -9497   5945   4516 -10192 -10418 -12306 -12321  12791 -14374 -14304  -8657    334  10815  -3601   9996  10271  13526 -13488 -13132 
-13827   7664   3618 -13535  13904  -4758    156  -2503 -14206   3201   5591  10310  -2406   2024  -2164  13477  13624  14360  -8928  -3390 -14993 -12617 -11299  -2748  -8406 
 12637  -9085 -13229 -14617  -1853    511   6980   6265 -12804 -12934  14494   7502   5145 -14748  -3526   5356  12071   5875 -12653  14753  10315  -9223  12445 -10342 -10222 
  2513  -7983 -14844   2818   1205   2634  -1166 -11147  -4758  -1469 -13234    935   4618 -11521 -13388  -4339  -9209 -11846  13740   2536  -8339  12512  11381  -2021  -4249 
 -1411 -14534   5177  -9211  -8460 -11489   7139 -14325  -7179   5741  -2479  -4305    -87 -12561 -14034   9132  -3025  -4196 -12375  11514   -180  -7819  10185  -6702  12894 
-13391   2560  -9557   1682  10008   7940   6203    343   8365  -6182 -12791   -749   3983  -5069  -8855  -5612    545   8956  -9261   7113   9833 -14031  -3502  -2510   4534 
  6898  14422   3989  11142   8920   2786   6771 -13707   5001 -12329  11194  -1125  -8310   -395  12604  -9407    853   4383  11360 -14158  13740 -12499   1303  -3223  -3540 
-14551   2322   8872   4645 -13517  -5325   1814  -6231 -12890 -10431 -12371   3811  -8385  -4641   1491  -5718   5498 -14450  -2873  -1706    799   1811   8255   2771  -1732 
 -3516   3664  -5900 -13580  -5401  -6003   2313  -7750 -10771  14451  -6733  -5912  -7655 -12844  -1033  14963   3512 -14413   7826  -5390  13452   9856   5004  13851  14857 
 12644  12304  -1216   9156  11503  -6533  -7398  14376 -12545  -1357   4806  -2710  -3115 -12102   4109  -2880  12435   2435 -14921   3534 -13111  -7676     67 -12703  -7840 
  2188  10754   6752 -14140  -9129  -4030   2048   9274 -13472  12257 -13258 -11623 -12987  -5568 -13454   8731  -7278  -3513   8842 -14760  -2456  -5462 -14653  10193 -14532 
 -1685 -12280 -13703  -6153 -11103   6310 -14006   1914   3191  -4283   -903 -11470  13943  -4340   5136   5868  -8695  -5805  -2427   3819  -8650  -8820  13273   8248   2226 
  5166  -1552  -5318 -14103  -6670   3827  -4986  -9350    834 -13582   8184   8466 -12306 -11058  -9725  -2470  10018   9814 -13499  12099   7061   7088  -7585  14016   2050 
  4603      3 -12972    988  -9934  12623  -3058   4158   -685  -7079   2788   4385  10945 -13557   3100  -6447  12775  -8143    800 -14735  -4577 -12897 -13695  -9762   5074 
 -9287  13613   7683  10720    351  -8434  -9941  12866   3558 -12620  14284 -14866   7036 -14748    161  10234  -9492   1424 -13641   5125  14448  10841  13006 -13357 -12906 
-13230   1832  10295   2184  13447 -12750  12598  -8266 -10562  -5442    361 -13420  -4100  12726  -1885  -2885  -4533 -10558    468  -6295   1467  -3263  -4051   3100   5799 
-10063  14213   3680 -14023 -12767   1020   9701    560 -13128  -2850  -2604   5345 -12697   -310  -2461 -10628  -9682  14611   7336  -2415   2700   6758  13482 -13406   8744 
 -5971   8638  11291   6661  -8140  -1775  -9552   9699 -10742  10881  -4155 -12670  -9813  11185  -8637  -8371   6619  -9892   5321  -8603   4309    745  10993  10427 -14732 
-11200  -3114    147  -7981   4573   6611 -13772  10817  -9438  10125 -13611   5718  -6414   8755 -10779   1116  -4485   6404 -12999  -8153  14931 -12782  14013  12536   1479 
 -9146 -14719   4001  11376   -347  -2354 -14359 -10745  -9007 -11084  10545   5241    211  14305 -13736  10302  -9705   -103 -12372  -8473  -3656  -1247  11075 -13626  13311 
  7471 -13943  -1036  -3290    927  10235 -11842   1889  10087  14196  -8673  12319 -14131  -3931   2466   6796  -5160  -6966   2217  12635  -1788   8378   8634   6596 -10695 
 12815  11802    456   3070   1927   2205   9148 -13589  12458  -8516   8965  -6820 -13444   6120   9761   4461 -10089 -14562 -11801   1826   7330  -9540   2575 -12571   6372 
  -365   6900 -11210  -9938  -7107  12441   4254  14389  -6736 -13895  -7452  10735  13844 -13804  -6524   1344   5330  -6343  -8355   4310  14062 -14499   3498 -10414  -9578 
 10885   -461   1704  14587   -928  10949  -8504 -13729  -7899   -289  -3202   4207  -9056   5294 -14954  -9516 -13913 -14070  -2235  14853 -11870  12004   8132   5215   -694 
 -9975    574   4471 -12929 -11257  11244 -12369  13441  -8598 -14258   6151  13961 -12194  -7234   1078  -9353   4711 -12737 -13574 -12320  -5038  -9092   9900  -2426 -13509 
 10319   2583   6617   1777  -2178   6026 -10562   7623 -11604   3628   9360 -13509  -7505   8592   7780 -14595   9198  -4215  -3694  13466  -5875   2112   5489   3126  -3891 
-14510  12385 -14989   4909   9824 -12785  -4131 -13866   8179 -13580  -2667   6069   7292   6431  -8959   5098   6068 -13052 -11582   7137   3938 -13642   4070  -3906 -14856 
 -9599  -4001 -12594  -2396 -12645 -12876  -2212   4533   6188  -3593   5106  -1255   3274  14071 -14480  -1728   3066   9654   8115  -6820   7668  10782  11198   7353  -4185 
 12015   3019   7244 -12291  13820  11959  -1394   4704 -13466  -8742  13195  -1411   7242   9959  -1227   5448  -6200   7443   2559   9024  -7134  13690   6055  -2060  -6594 
-12915  -1965  -3386   -890 -11279   4064  -2833   7389  -1355   3959  -1853  -4393 -14480  12641  11830   1577  13287  -6372 -13457   8542   9012  11694  10685 -13413    216 
  -967  13816  10695 -14346    208   7657  10772 -14305   8073  -9956  12192   6731  -6189   3604   2162 -12363  -3062 -12706  -8481 -12988  -6327  14092 -14851 -10386   -640 
  -885  -5542  -7155  -7738 -13420 -14916   9609 -13889   7546   7756  12401 -14031    225   2080   2846  -5851 -14722    726  -8045   7994  -5346    408  -9560   6446  -7446 
  3708  -6296  10223  10729  10491  -4681   9950 -14187  -5980  13624 -11227  -6956  14353   1389    843  -6577 -14614 -13585  -8698   6117 -14823  -1278  10064  -7052   6543 
 -9069  13500  12310 -14587 -13552   4619 -14294  -5610  -6700    762  -2091  -1013  12297 -10401 -14374  -3674  13949 -14988 -11387 -14095  11981 -14014 -12034  -7782  -3844 
 -3741 -12805   8826   6933  -4047   4231  -1228   6161  11010  -2813   4148   3578  13768  -4758 -13084  -2223   3091   1497  12309  -5202 -14549   4686 -13931  -9306  -1445 
 -5713  -2297 -12608  10639 -11761 -11981   7116   3618    558 -13465    669   7665  -9154   4907  -3882   2228 -14867  -1671  -4069   8078 -13202 -13599   7847  -9502  11515 
 -9727    492  -3479 -14166  -4754  -4999 -14768  -4773  12456  -1247 -13161   4619  12621  -4774 -12822   1923 -14501  -8989 -12617   3362  12509   6314 -10119   8924   6127 
  9964  11908 -14510   7394  12958   2830  14917  12983  -6132   6465 -13705   -251   1216 -10865   6289  -8979   7845 -14266  -4743   3151  -6548 -12700   9476  -7874  -5841 
 -6996   7354   1970   5460  10489    -39  12157   1717   1491   5277  13441  -8707 -14577  -4417   5919  10069 -13653  11067  -9997   5185   6444   6487   4542   3268 -13057 
 -2847 -12125  -9269  12599   5560   7575  -1335   1527  14478  12051 -13459   3293 -12358  10251  -2115   3234  13429  -3548   8078   4639   -144   2082  -8943  11874  12929 
-12434  -8507  -9471   4535   2307  14280  -1874  -4917 -12112  -2497   7180   2215   1149  -1800   7362 -13067   8806 -14258   6861 -12773   3458  -2483  -4582  14996   6709 
-13801  13396   5472  10918  14982  -3845  -9266  -4237  -1005  -3146   6072   8356   9719  -1814 -12864 -12883  12944  14475   8410 -13095  -8443 -10446 -12533 -13341  11821 
 -4752  -5264   4040   4781   6499  -1663 -10982   1121 -12666 -12905 -14444   1278 -10291 -10580  -5418 -10251 -13631  13666  -9591  -3686   5129 -12522 -13212  -7803  13403 
 -2728 -11884 -14585  10097  10436 -12666 -14333   9071  -7950    710  -3803 -13197  -2108  12093 -14028   4190  14622 -13355   5567  -2301   1698  11312  12849   8285  -5954 
 -9061 -14088  -8394  12521 -13507  10215 -13324   4393   4500  13273 -12682 -13095  -3549 -13721  -8335  -6487  -8604 -13827  -8699  -4122   6404  -6312  11652  -8964 -14257 
 -9711   9923    825   3306   7824  -1632   9171  -3904  -4517  13207  10285 -13043   -386   5264  -3242  12227   -720   9723  -4910  14162   4787 -14305  10398 -13990  -5764 
 10671 -12178  -6439    404  -8801  12857  -3604 -11458    821   6135 -13718   1242  13411 -13142   1249  14345  11860  -3429  -4863  12818  -6075   3814  -3320  -7291   3222 
 -4552   3453   4894   2081 -14632  -7391  12267   9162 -14669 -11997   3761  -9129   9694   8595   5773  -4989 -12490   1561   8407 -14308 -14312  10983   4171  12438   3259 
 -2580  -7317  -1557 -13599 -14774 -14817  -1632  -5485 -14325  -6497 -12770 -10913  12303   4498   3965   2257  -2999  -9864  -5802   6385 -11220 -12987   1746 -14627 -12242 
   590   1287 -12663   6328  -2711  -8315  10006  -5272   1872   2859    592  14451   6215  13120  12137   7780   1791 -13121  -9156  11582   5817  -3087 -13173 -12107    174 
-14271  -8067  10910  13487  14925  -6538  -3675   3337     57   8709  10302  -1621   9288   9779 -13651  -6517  -7763   1082   -918  -7867 -12691 -14061  11248 -13100 -14982 
-10378   1685  -9304   7246   9517 -13618  -2274 -13422 -14969  -5677   7699  13081  -8410 -10159  -1842  10122   3632 -10401 -12760  11272   8858 -13900   7650 -14568   5031 
 -5865 -14544  -1821 -13141  -4074  14715 -11638  14101   3067   4262   6075   9644  11004    911   7810   1305  -1358  -4423  -7839  -2650  10957 -11930  -2142  12869 -14331 
  3258  -6164  -5932 -12765   7710   2325  -6241  -1694 -10013  -6857 -12554 -12735  -7385 -11514  -8414  12634  -1539  14688  -5694   7591 -13417  12582 -12230  -5597   8168 
 -1717  11647   -385  -2407  -3798  11339 -13594   9239   3357  -1688 -13532  11271  -1717  11051 -13261  -1518  -8511 -13042   3542   2259   -315  10147   3737  -4109   6246 
-13322  13111   7570 -13224 -13325  -5874 -13896  -3329 -14073 -13103   7214   6346   3659  10621  -5192   5314   2270  -7282  -8092  -4765   -686   9330  -2249    -86   6267 
 -9666 -14267   7279  -9053  -8288  -8495   4085  -9519  -8172  -9035 -14400   4427 -13221  -4859   2726   4953  -3286 -13841  -2263  -8628   4639  -9755 -14637    -65  -3336 
 10239 -13869  -3811  -5881 -14743   9753 -13213 -12880   4934  -2387 -14090   1111 -14625 -13821 -10022   -857   5369   -251  11594   3315  -8319 -13513 -13206  13041  -9310 
  6384   5718  11237  -1818   1035  -1390 -12645 -12691 -13353   3474   9434 -14717  -3017   6016 -14858  12189  -9177     57    166 -14541   2380 -14488 -12251  12582 -11825 
  8440 -14404  -8280 -10132 -14397  12688    272   3782   9329 -13129  -6398  12798 -13857   1137 -14326  -2685 -12868   1748  11066 -12244  -6311   6777  14100   8068 -13600 
  -907  -6230   5477  12438  -9590  -4093   9160  -7842 -14226 -13631  -9509  -4993  -1938 -14128  -4780  -5466  -4483 -10621 -12539  -3537 -14513   7691   8625   8352  -7717 
  4358  -7137  -8842   7229   6001   5996  14885 -12677   1271 -12635   4954 -13445  -7079  -9066 -10365 -11388   4627   5084   5777  -2829  -5571 -12990 -13877  12063   3503 
 10314  11272    718    616  14857  -5816  11480  13105   7736 -12448  -8227   4733   7817  -8690 -14797  -7020  -7113  -2196  -8158  -2832  -6175  -8081   4692 -14922   5016 
 10932  -1913  12683 -13513  -5252 -12155  -6449 -12558  -7179   4438   1515  11314   -325    692  -7935  12449 -14690  -5953 -14129   4992 -14987   6130  -5431 -14015   9044 
  1366  -9072  13650 -13013   9973  -8571  11831 -13201  14482   5044   2011  11821  14487 -12246   6184  14971  12623   3418  -5675  11265   8789   -577   4479    184   7757 
   962  -9988 -14350  -3887   4061  13548   4507  -8018  10753  14480  -7490  -7599  10805  -1056 -11446 -12676  -7039  10199  14615  -3778 -13302   7442   1060   1313 -11906 
 -5991  12323  -4443    178  -1283  -4297 -13331   8586 -10845  -3588  11449  -8166   8799  -3896   1684 -13607  -5820  -9680  14671  -8385 -10053 -13618  14253 -13385 -11309 
 12866  10336  -3915 -14937 -13961   4916  -8417   8743 -14089  -4469  -2780  -5312  14242   8457  10529  -3043   6347 -13424  -1082 -12093   9059  -4241 -10891 -12827  -8054 
-12379 -11542  -6927  -3454 -10866 -12304  14454  13239  12262  -6028   4771 -14596 -14863   5893   5158   -744 -13074  -1445   9331  13185  12552     80   8979   4199  -3776 
  5930 -12786 -13629  -2137  -2808 -14931   5843 -13153  -4480   1194 -14146  -4731   8326   1641 -13443   -583  -3697   2459  -4804  -5186  11767 -13554   2043 -10056 -12689 
 11452  -4003  -3246  -7971 -10963   8409  -6737  -1394 -13365   4356  -8284   -628  -2894   4627   4388  12103  -8179 -11109  10491    429  -3500  -1124  11199  -8626 -14105 
 -8002  14084  11454  11290  -4646   1232   6203 -12733  12220 -12770 -10096    274   1576   5319    569 -10975   5402 -13363   8648 -10292  -9390  14266   9864  -7357   4624 
  5465  -8097  13533  14877  -2078   5369 -14209  -1526 -14085  -4062  -7842  12732  -6114 -11404   5937  -6359  -8089 -14029   8555  -4004   3694   7797 -12585   -321 -12453 
 -6010  -1372  -4199  -8582  -1654 -14014   1494   9221   2148   2735  -3833 -12584   4055   6429 -14935  -1124  10475  -4684 -13654 -14247  -7021  -9810 -13576  -4606  -6004 
 13535    894   1678 -11384 -13291  13434  13896  11404  -4894 -13634 -11700  -7785  -6714  -3213  10857   6532  13424   -414   5660  -8911 -12201   1058 -12866  -9247  -7485 
  9131  -7172 -12577  11233   6214  -3192 -13516 -14106 -10348 -10994  14779    917 -12077  -3734   7331 -13060  12637   1048  11253   4452 -11663  -7701   1927  -2359  13366 
  6146   8015   7301  10749  -2311  -7732 -10700   7111  -8612  10657  -6157    263  -9119  11908 -12663  -1879  -2602   -682  12525   8786  10840 -14750   4653   7402   2246 
 14829 -14269 -12712  -6155   6708   6753 -10100   6053   3193  -1328  -8253   7604  -6285  -7762   1542 -11374   8226  11276 -13629  -2059  -6991 -12175  -6462   2254  -8543 
 10357  11136  -1669  -8156  -1909 -12386   6462    199  10783 -14674 -14147  -4780  -5151   9579   1772  -4361  11360    507 -13223  -4705   8922  10609   3718  -3673  -9646 
-12650  -1620  -5962  -3356   5609 -11810  12772   3414   8932  -9413  13598   5359   2689   4712   2507  -9332 -12547 -14018  -3921 -14657 -14116  -1089   9488  13916   8493 
 -3761 -14056 -14802 -13346   -479  -3717   6384  -9612  -1809   5210 -14199  -4571  14574  -8346 -14665  -3321  12289  14664   2816    668  -2772  -3519   6628  11980 -11444 
 -6131  -8393  -6938  12294   8462  -7700    482  -8450   8870 -12057  -1047  13641   1765 -11764 -12314  -3804   5476 -14436 -13441 -13850  -7312    -63  14959 -14590 -13766 
   615  -7946  -6541  -5264  -3762  -7772   2434  -5322  11869   3985    425  -5833 -14583   7328 -13362  -2287   3351   -763  -5401  11564  13263   9221 -13180  -4707  11057 
  -515  13486 -12726  10139 -13402  10299  -4529   9932 -12954  12067 -14992  12787   5900   -697  -6671   1547 -11547  -3439   6100   5739   7666 -11737   5920   7577  -9363 
 -1564  -3175  12384 -13417  11784  -3379   1826 -13910 -13010 -12533  -3729  11572    127 -13429  10197  14472 -14603  14620  -4102  12940   9219   6152 -14615  11499  10404 
 -9428   1450  -6563  -3983  10141  13333   8745  -7898   -652   -537   6376  -8825 -12612   -490  -6517   2895   -626 -11166   6559  13673   1402  14637 -14384   7778 -11223 
   908 -13396 -10465   5441 -10850   4010  -4661  -2679  -7395   2667   2324   8526   1586 -12225 -12698    517   5774  -8725  -9320   -207  14006    170   2807 -14713   2974 
  -143   7007  -8368   4730  -5769   2753   3344   2257  11765 -11263 -12236   6867  -7894  12271 -14336 -13332 -11613  -7560 -12037 -12903 -10055  -6114 -13165  14459  -2725 
  6053 -10763  -9302  14350   3087   -144   5707    305  -5429 -12329  -4251   2694  -9686  -1768  -8208 -10002 -14623  -7108    815  -1164    246   7277   8512 -14756   9989 
-10386 -14350   8862  14754 -14537  -6698  -1857  -6891  -1839   7065   8383  -3456   7313  14224  -2712 -13597    360   3989   3076   2436 -13223  11538     32   5306    397 
  -165  11407   5834   4485   2113  -2638  -6876  10606  14052   2295 -14579 -12391  -6968  13728  -1200  -7798  10539 -12907 -14800   9778  -2410  -6499   7074  13113  14003 
-12856  14777   9134 -10146   2833 -14494    290   1022  13955 -13487  11969  -5610  -6759   3899   4034  -8169  -9525 -12779  -4862 -13752  11653  -2626  -8725 -14888   6698 
 13065  14491   7813   4952  -7715 -12990  11366  -1938  12208  -3892   3581   5451   8560   6849   2497 -12455   7285   6761  -3096   9163  -1100  10035   3380  -9438   1333 
-12201 -12577   5622 -11321   4027   3035   5875   2290   1044 -13997  -4574  -9427   5709 -14554  -5783 -11183   3628 -14107  -4522 -11186  -9677   3404   8472  11292   3780 
  5854   -818  -6923  -8055   3043 -13356   1986   7699   1205 -10117  -1837  -4927  -9656   7465 -14687 -13084  10683   7553  13306  10528  13869 -14603  13444  -2794   7378 
  6584  -2718   7999   3910 -13880 -13569  -9701   2081  -3796  -5784    140  11723  14202  -5675   6524 -10350   4765  11338 -13931  -5895   1237  -7277  -5292  -2221  -1025 
  -852  -2939  -4719  13847    305  13009   8793 -12549   -490   7599   5208  -9358 -12953  -8522 -13401  13676   2931   8195 -14187  -8820  -4522   6620 -10548   5603   6548 
  9106   -362   6655 -14613 -13396    628   6180  10667 -14832  14891 -12327   3904  -5978   2770  -1626 -13359  -8886   9513  -9187 -13301   4829   -468  12823  12672  11192 
 13800 -14784   -979   2681  -8050  -6186 -12263   3309  -6714   7341   9557  -4556  -5563  13431   4959   5151  -2142   8514 -10343 -13347 -10651  14658   8186  14807 -12702 
-14895  -4604    216 -13292    948   9718  -7055 -11411  -1888   7746  -5476   5886 -13109 -12784 -13458  -4815 -13384   8998  -6349   4591 -14464  -2511  -5658   1439  11098 
 -2267   9662 -14020  -7850   8187  -7393   8362   1686   7896 -14610 -12470  -1333   5949  -8457    716  -4173    893 -12916  -8124   4576 -13707 -10129  -6272  11962  -8841 
 -8461   8345  -1081  -3449  -1187 -14391  -7382  11978 -11376  -5252  -1686 -10949  -8982  12458    117 -12896   5993  12643   7141   6077   1042  10668   6785   -313  -9581 
 -6519  -1785   8475 -13066  11099    553   8240   4538    364  12245   3274  -9394   9673  12729  -7311 -14691   2384 -14378  11554   -257   5897   2421   6212  14479  13498 
  8073   7645   4233  12725  -9197   1798 -13065   6133 -13061  -6499 -13732   4969 -13508  -9415 -12335  -7280  -2511  11619  -3969   2886  -3056   7683   1067  13022   7092 
 -1768  -2776  -3984  -5217 -13445   1193  -5516  -3521   1032   5414   2192   2928  14116  -3071   9903   5955   7777  -6550   -429   3581   8826   -640  14892   5475   8376 
 -2632  -6167  -1227   2918   9603 -14563  14585  -4475 -13830  -8825  -6919  11457  -5634  10172  13455   2211  -2385   8165  -3168 -12793  13049   2272   5479  12241   8325 
-12608 -12989  11740   4878 -14536   2036   5939  -1597  12122   3122   -892 -10259 -14184  -5026   9937  12497    757  10126  -6551  -5416   1464 -14895 -12777  -4627  -4773 
-11348  11929    295  -1873  14575  -6573  11176  -5287 -11096  -9915   7365  -6802   -917   9531  -8345  -9920  -8177  -6589  -9040   4983 -13253   8036  -3614   2403  -9885 
  7053   7549  -7792   3615  -9524   1960  -5477  -8549  -8256  -5678  -3003  10084  -3759   6553 -13931   9377   9374 -14918  -2972 -10928 -12794  -8853  -7869   9170  -7795 
  2326  -8833  -2134  14759   -474   7544   5250   7702  11318  -9107  -5522   6442   9384   5453 -14780   3174   3140 -14184  14926  -7118 -12255  14254   1639  13264   8649 
 -5006  10540 -12911   -360 -14580  -1915  11081 -14747      9    672 -14897   9573  -4131  -6414  -7190 -10933  -9353 -13497 -10342  -1612  -4328   1347    882   7107  -9372 
  -205  13918   2312 -14150 -13102 -12606   6567   5313 -12972   1200   8630   3651  -3281   9311   4582   9023   2519 -13096   2918  13625 -11589   1779  -5372   2005  13508 
-14206   3990   -604 -13556  14284  -8296   5950  14237 -12788 -11754  -5999   4988  -7845   -307  -1928   8166   3324  -1651 -13985   7385 -11850   -799  13127  -5930   -872 
 10226   9781 -12826 -12314 -11351 -12624   8155    587 -12829 -13670   4056 -13525  13067   -130  -9965 -13769   3347   4571  10970  -1147 -13231  -6464  -3116  -4387   3300 
 -7271  -3446  -9160  11422  -8119  12069 -14731 -14639   -135 -12984     64   2433  -7889   3651   -162 -12346  -7262 -13649 -10230   1379  -6579   3358  -4428  -4154 -12783 
 11301 -11993  -6641  -3391   9433   5819  13956   3337  -6838   4300  -9628   7790   8269  -8340   1995    428   3711 -14044   6869  13435 -13483   7713   6662  -9629  -6502 
 -8770  -9750  -7726  12613  14364   1016   -148  12134  14888   1212  -3166 -12932 -11010   9526 -12666  -9695  -8102 -11395   9693  13269   8528  -8537  -3722   1021  10558 
 10733    443  11051   8446   6923 -12459 -12945 -11168 -14362 -13258 -10480   4567  10097 -13055 -13452  12914 -13871   1164 -14571  -8690  -9280 -13689  10776  -8245  -1745 
 -3393   5445   7868   4911   6017  -5891   3811  -4847 -14824  -2373  11868  -2868 -14719  12746  -7464  -1376 -12689 -12586 -13491   3065  13994  -8216  -9748  -2666   1190 
 -3139 -13740  12522   -951   8758 -14331 -13422 -12277   9254  -9961 -13320 -13503  -2170  -7892  11913 -12919    -67 -12125  10259  -8816  -1249 -11250  12640  10809  -3661 
  6118  14168 -13553    313  -2946  -9133   5913  10859   5686 -12418   9182    900  -2575  13185   8571  -3073  13769 -10146 -14397  -8799  13825 -13156   -824 -10567  -2502 
  2470 -13368  -9817   5866 -13763   9768   3483   3851    853   7383   3231  -5616  -6577   8972 -13608   8733  13890  -9694    776  -5513  -4432 -12379 -13224   -454   7318 
 -7763 -14300 -14518  14740 -14279 -13561  -3701 -13028  11265   -918 -14044   3089   8598  -1721  11298   7610 -12935  -8669 -14710   4051 -11352  -3190  12914  14336 -14662 
-13876 -13696   9113  -9247  10425  -8238   9625   1861  11434  -3345  -1097   4554  13505  -1795 -12590  10211   1649    309   4754 -13653 -13760 -12651   2125 -10446 -14901 
 14804  -5849   6164  -2293  -4197  -1154   5457  -2856  -8462   6021   5720  14507  -5127  -8402   2661  13736 -14937  11598 -13555  -7972   9976     -4  -4840   3779  14964 
 -7623   5006 -13811  14794   6359  -1772   1953   6103   5779   9081  -9245  -6654  -1147  -2675   5426   5303   9146   4914  -8267   6167   2335 -13387 -10664 -12356   -864 
  -418   9489  -1564  -1390  11589   8296  -5896   7758  12904  -2506   5419  -1761 -13573  -9299 -10119 -12193  -4865  -9064   1549   1756   6934  12260   -843  13697  10902 
 13664 -14237  14130  12252    193  -9449  11255   1251   5609 -11222  14173   7701  14953  12203   -487   8544     68  -5090   9967  -3187  -4618   6051  -7470  12237  -6220 
  9254 -13540 -14236 -14139 -13354 -12767  -1876   1331   6616 -11984   8067   6891  -5316   4505  -1084  -1045   -976    805  -1747 -12339 -10893 -13086   7839 -12866  11789 
 -3059   7538  -8572   5438  11829  -5364   8127  -1868   7838   6322  11374  -9472    740  -8803 -12618 -12725   4832   1873   -289   1861   6095 -12551 -11360   7263   -335 
  -968 -14436 -12279  -5648  11341  -2004  11871   1602  -2221 -13266  13616   9936  -7709  -9409   8223  -4968  -5100  -9130  10013   -752   -623 -14991  -8107   3084 -10257 
 -1372  -6885 -14416    829 -12914 -12818   7883  -5924   -802   3559 -14196   4241 -13034   9340 -10410  13272   7824   -157 -11029   7035   9406   6862 -14077  -1180   8885 
-12012  -1554 -13442 -12051  14687   8314   1540 -12222  -8540   4887   8740 -12737  -7463  11321   1217 -13973  -7582  -4098 -10861 -12795  11212  13585   2472  -3554   8125 
-11058  -7428 -14958 -13013   9895   3657 -14188   7629 -13626 -11488   3249   9935   2035   2617  13762  -3638 -13432 -12792  -4549 -11789 -12653   6544 -12322   6547  -1138 
-13956  12417 -12666 -13302  13164  11281  -6616 -10559 -14451   4055    -99 -13237  -3988   2810  -2512 -11040   9484 -14267  -9713 -12737  -7882 -10965 -13501     14  -2032 
 -1528 -13609 -10700  -2831  -6230  11874   6788   -396  -8688 -12379  -3685  -4149  12401 -14709   7947   7254 -13695  -8564 -11079  -3724   6895  -6363   4483  -5478   1842 
 -6011 -11482   2978 -13179   4234   8031 -10907  -3536  -5141  10321  -6005  12554 -13690   4135 -13662  -3012   5886   4090    366 -10425 -10035   1525  -1920 -12264  -1440 
 11959  -6902   7548   8596   3576   7154    255 -13413 -13712   3621  11737 -13325    244  -8402   2875  14233 -11549 -13817 -13563   4218  13248 -14289 -12453 -12295  14880 
 12028  -4966 -10024  -2105  14131   3767 -14462   7438   8918  11175  -1435  -5240  -2755   8500  -8008 -14669  -3736   -210    153   6933 -11628  11695   5192 -12928  -3316 
-14173   1939  -3945 -10942 -11128  -5743  -7723 -12819  12403   9875  -2871  -2154  -5804   7768  13958   1663 -11654  -5504  -8328  -2397   1882  -5821    844 -13086  14988 
 -8093  -2038  12479  -2538 -13217  14468 -13294  12525  12266 -14860   5124  -8775  -2149 -13087   3196 -10535 -14874   4418   7378 -13401 -14822  -6682  -4178   4861   3789 
 13075  -7093   1784   2726 -12178   4302 -12805 -13304  13850 -13915  13559   3656 -14044   5716   -278  14439 -14561  -5475 -12890 -14671   5387  -8771   2004  -8519  -2692 
-12786  -8136 -13933  -5640 -13095  -7625  10293 -12689 -14754  10134 -12728  10002  -3521   7044   7427   1935   1537  -4389  -5014  -8871 -10266   8611  -3085   7007    820 
-14888   4665  10268   3466  -8340 -14397  -8771  -2445   1424  11561 -10878  -6852  10544   7070    614  -5885   9404   8593  -8446   -239  -1746   4521  12975 -11414  -9143 
 -8915  12779  -4191   -994  -9868   -514 -13327   7125  -1635 -14371  -2422  -4694 -12160   6734 -12296 -12746  -4381   3917 -12358 -12353  -3598  -2898  -9117  -4621 -10775 
  9221 -11286  12546  -7916   4547  14390  -5687 -14904 -10335 -13521  -6811    980 -14063  -2307  -9945     67   2579  -2202  13973  11587   3959  11607    178 -12197 -11743 
-12096   1664 -10217  13248  -2907   9922   8376  -2590   4467    262  -3798   4882   2448  14307 -12539  13124  -9163  10368  12793 -13757  -1408 -14812   3477 -10103  -3387 
 12854   2854  13695  -6618   6029    504  11461   -925  13031   7927  -4892 -13837   9906   7014  10338  -9133   6980 -13356  14566  -8034   6944   6988   -612   6238   1141 
-14643  -1829   4257  13288  -4871  -3834 -12464 -13165 -14831   6320  -5443 -13283   6177    515 -13750    813 -14777  -7838  14450  -1718 -12758  -7347  -8910   9668   7931 
  6533   6792   7175 -14684 -12736  -1713  11342 -14026  -2623  14217  -6041 -12839  -6831  -2129  -6730  -8723  -9904  -1467  -8067   2880   2209   5552   9307 -14716  -6527 
 -8116  -8686  -1536   8811 -13431  14989 -14508  -8392 -10121  -2271  12452  -6773   -845 -14573  -7138 -10900  12640  12890 -12693   6963  -9591 -11865  -2400  11176   6117 
  2979  14268 -13464   -340  14199   -766  -6773   9641 -14190   1211  13699  14225  -6234   6748 -14265   -109   7412  10165   6322   9264  -4150  -6548 -13531   1101   8010 
-14934 -13196  -5498 -10132 -10220 -10240   2758   3399  -8707  10528   -492 -11892 -13656  -9274  12464  -8109   3317 -13522  -2465  12058 -11674   9978  14595  12810  -8640 
 -6739  -2706  13693 -12841   7732  -1416  -3906  12139   1756   7759  13839  -4561 -14993  -8689  -7183   8811 -11119   7059  -1121   5107  -9605  -4726    220   8215 -14956 
 13773   1774   8845  -7783  -3600   3819  -5461  10565  -1514   6963   4313  10721   8714   7230 -13546  11314  -3956   6808 -14117 -12642  -7959 -13064   3438 -11134  -7473 
 12986   8759   1777   3166  14773  12167  -3970  12930  -9940  -4937  -3477  -9343 -13588 -14497   5186 -13665   6133   2761  -8844 -13013 -13486   7078  -3520  -8220  10765 
  7167  -2090   9852   3704   2926    957  -7312  -6172  14221   6770    341 -12697   4271    338  11559    988  14030  -6215  -5409   1578 -11579  11116 -10173   5834   4031 
-14589   4610  -9341 -14096  -7476  -4352   -904 -13742  -4355   1519  -7323  -4909   4360  12575     38 -12372  -7612   1175  13945   -778  -7928  -5532  -9980  10937  -7221 
 -9935 -10854 -12476 -14454  -9960  -2374   8868  -8853 -13640  -8616  13197  -9313   9352   7648  12110 -10868   6762   3961  -6651   -212  -7292 -11129  -8433 -13697   4683 
  7539   4547 -10390  13024   7854   5728   7401   9120 -10509  -7357   5478  -9225   2765  -5538  -5025   5492   6490  10981   3713   2851   3662   2890  -5173 -12826   5434 
  3948   9457   5702  12815 -13861  10238  -5478  -7458 -12160     62 -11452   3809  -5205  -8869   2900  -6465   6444   5574   -378   6668  12758  10328 -11169   1551  -7584 
   314  12665 -13160   5982   1538   8988  11058  -6800  11550  -5875  -9786 -13175   9334   4523   6720   7828 -13491   7223 -10330 -13487    872   5492   5509  -8346   7539 
 -7568  -8322  -6156  -7008  11681 -11775  -3737   3473  10803   8281 -14783   3192   8609 -14664 -14214   5757   -125    181  -6142 -11680 -12377   2852 -12234   -929  -7582 
  6916 -12595    346   2856  10190   2137 -10955  11611   2603   8097   2174   2913  -8520 -11424  -7857   3065   1542    879  -1162  -5681  -6682   -784  13268    334 -12317 
-10548  -7421  12469  12559  -3487  11068   -403  -4349  -2956  -8841  -1638   5665 -13715  14803   2288 -14357   4035   3897   7111 -13174  -6219   -452  -3726 -12888   7995 
 -7356  -5427  -1103  11068  11244   6678  -7080 -10495   7080   1278 -14758  14058 -12678 -13057  -8789  13151  12808  12783   3334 -13607   7191   8918   3928   4931   2074 
-12035 -12447  -3636  14880  -1721   6873  -7489  -6102 -10300    978  -8252  -1651  -1660 -12515 -10873 -10857  -8023   3615   2154   1397  11968  -6907  12663  11604 -13998 
 -4859  -6248   8391  11445   3047  10506   5737  -7896  -6971   6415 -13934 -14816 -14833 -14877 -12993  10204  14545   2802  -5250 -11457   5433  -7352   -488   7135 -13533 
-13544   1122   2138  -2280  14498   4517   6377 -13657   9087 -13445  -9161  12754  -3073  -3730 -14733 -11300  -5916   2541   -349  -3967  -7024 -14036   5692   2359    301 
  9353  -8464  12212  13611   5747 -11576   7600   7151  10298 -12991  -1556  14025  13633 -14165  -4493  14887 -14194  -5374  -3040 -14888  -7056 -13869  -2208 -12107  -4763 
-12933  14905   -340 -14583   8717   6028  -1316   7028 -10177   2967   9239  13295  -6773   9661 -14445  11461 -13901 -14454 -14172    625   6484 -11022 -10759  -9931   5822 
 14809  -5870 -12615 -13053  -5927   9193   3828  -7858  14143  -2016  12367   3702  14934   5225   6920   -301   2537  11510    -43  -1967   3075  10289   8651   3778  11769 
   940  -2179 -12167  11946   1371  -6296   8468  -8698   3329   9103  13977  -2611   6632  -6046  -4923  -4199 -10027   8932  -7520   -993 -12741 -13092   5717    -78  -3921 
 14189  -3263  14345 -14436  -5357   1610  -4287  -7624   9901 -13198  -8155 -14971 -14656 -12373  12206  -9794  -5573   1518   8134 -12774 -14473   9863  -8367 -13134  12353 
 -5709   7022   3258    843  -6548  13818  13354  11263    644 -12250  -6034 -13515  10481 -13254 -10401  13897  14952    491 -13197  -3178  -5075  -3623   9776 -14125   2345 
  7243 -13642 -12806 -14019  -2449   9118   2222  13014   2764   6222   9610 -14960  -5686  -8113 -12894   5697    885 -14625  11660  -3233 -12674   1291  -8040   2946  -8062 
 -2824   -224 -12530  -9329  -4799 -12748 -11662 -11035 -11593  -3659   5006   6393 -11901  -3982   4401  -3904   7519 -12704  -7428 -13271    518  -2767  -7519  -2580 -10264 
  4685  -6595  13442  12579  -3101  -2839   -908 -11601   9046  10635   6105 -12840  -8686  14323  -6374 -12814   -914 -14301   7929  -4536 -13659   7149  10194  11349 -13271 
 12996    544 -13769 -12192  -8244 -11198  13664   8817   1587   1408 -14961 -11662  -4156   2633  -6146  -1790  -3655 -14914   2781 -12364 -11311   9333  -8960   3054  11683 
-11146  13781  -7390  11826 -13991  14744    538    449   9398   3530  -2647 -13847   2562  12767  -6721  -9240 -14466 -12233  -3443  14652  -3449   6991  -4886  -2447  -1977 
  2873  -4618   1079   4731   3913   4605   3767  -1671   2066  -9570  -6361  -2191   7568   -980  11164 -13374 -14937   6740   8480  14001   3788  14336  -3067  -2937    771 
 -8580 -11655 -11848  14089 -13658   5466  13947  -9774 -10099  -5301  -5450 -10186 -11166  14855 -13096  -5913  14993  10741 -14066   5286   9510   4093 -10273   3766   1961 
 10651  11737  -3695 -14084  -8399  -1376  13275  13446    162  -1949  -5740   1682  12316  -1182   9617   6129  -4299   6829   3885  -4889    570 -10706     60  11077   7619 
 -8727 -13809 -14687   4747  -8573  10720   6895  -5249  -2303  -7275   7291  12821 -14686  -9049   9973 -13089  -5359 -12249  10720  11360  13828 -13267 -11412  14878 -12617 
 -4201 -13998 -14137 -11792   6649  -5888  11706   5259   8648 -11530   6895 -14155  -1013 -14992  13047 -12878 -11712   2629   1369   3623   6991  -1009   1114  -7607 -13428 
 -6516  -3122 -13974   9250 -14780  14894 -14657   6365  11116 -14357 -12249   9734 -12582   2306   -133   9380 -11941   5329 -11504   3616   3186   4136   8563   3834 -14096 
 -2652 -14732  12731   3613  14392 -13677  13867 -12964  -3059   3227  -5949 -13679   8588   3148   3685  10493   -327  13421  14411   8366   8898  -6847   5182  -3639  -4137 
 -4342   3336   2366 -10435   5580 -12501  14297   9118    595   1491 -13466 -14221 -12474  -7158 -12823   7878 -13665 -12757   9006  -6559  -3452  14233  11213 -12327   5944 
  2224  -2256  12835 -13515   8444 -12841   8108 -10533 -13911  -5860   8284    581  11323 -13517  13296   5179   8576  13876  11716   9342  -4926    140  -5728 -12978  14144 
 -6192 -12893  -8159  -8224  -3677    391  -9793  -3298 -11301  12876 -13760  -8376  10207   7158 -12710  14573  -4781 -14418  -3481   9107   8184 -12478   5989  12968  -6963 
 -6720  -3281 -10565   4731 -12732  10050  10988   6383  13582  -1366  13985   3145   7895  -9204  -2181 -10507  -7579 -12359 -14455 -10473  -8098  -7645  -3141  -5331  -4774 
  9657   5785  12784   8763   9687   2868    378   1729  -4845   3165  -9810 -13735   8176 -11242 -10795   -202   7079 -12474  -7803   2979  -3545  14769  13511 -14952  -6310 
 13862  -9352  -4981 -11350  14074 -13328  -2680   4036 -13642 -12062  -8828 -12901   8461 -13693  -2577    688  -9199   2799  -8312 -14446    422 -11832  10101 -12128   8502 
 11040  14995  -7146    422  13721   8971  -3768  -5239   5066 -12555  11560  -7276   3301   2146 -10226  -5806   8343  13765   4281   3609   4656  -9103 -10095  -1987  12036 
  4985  11566   9859 -11247  -2061  -9442   2009  -2334   8782  -4637 -14829  13747   1510  -7876   3097  13013  -4394  -2138   -400 -13789   4621  -9695    -42   6360  -7259 
 -6857   4162 -13928  10096 -14533  -2229   8886  -4141 -11313  -9833  14328   -297  12456 -12954   9874 -14260 -13723  -2447   9564 -14303  -5698   8254 -13776  -1980  12330 
 12406   2181 -12925   9605    -88   1387   9164  13599   2415 -13675   2067  -9416 -11359   5837    574  12922 -10807  -4924   3658  -1337  -2856  -4102   2759   -715  -6377 
  2269  -9097  -3753   5216   5173  -4073 -14401 -14706   8639   3709   -576 -14079   1560  14051  -8583   -120 -12628  -3197 -10994  -5207   4113  -9116  13369  -1535  -2625 
-14526   5890   9732  -8992   3285 -13927  -6883  -1922  14972   4750  14567  -8166  -5640   9066  12704 -10164  11664  -9636  -2853   3753  -7790  13131   7284 -13079   8935 
 10568    457  -6326   5098  14355 -14041  -5585  -7301   5857 -13230 -13555 -13746   4188  -5013   8327  -3447   7148 -13045   9688   -625   7221   1684   3442   7190  -6431 
-13351  -6428  -4992  -1633  11805   7169   4968    107 -14534 -14017 -12982   4369  -5596  -2723   8585 -13637   5821  -5047 -12837  -3596   7401 -13297  -7224   4088 -14139 
-14586 -14717   -217   -430  13946   6711    725   9257  10899   9302  -5252   9834  -1171   1582  14081   9718  14009   1469   1593  10206 -10607 -10042   2988  -9957 -14757 
  9764 -10343  14975  12017  12639   9530 -14101 -12801  -7043   3400  -2621  -9044  11290 -13167    927 -13956  -9797  14059   6979 -13964     96  -8814  11474   1152   -168 
-11627  -3778  -7917  12121  10152   8195  13069  -6704  10579  11541 -11807 -12987 -14790   8982  -9737  -1244  -1119  -4659   7503   6632  -5329  10452   1896  -7848   -526 
-14704  -1952 -13530  14500   9062  -9380 -11019   9517  -9940   -982   3947  -2712  -6434  -8155   9096 -12807    147   9817 -13051   4481   7087  13032  12833  -3271   2905 
 10669  -4152  -1371 -13313   -994   5077 -10596   1593   3703  -3159 -13424 -13589  14357  12348   8455   5777   8991  10020   2677   3349 -12436  -1549  -2777  -6943 -14480 
  8134  -9834  -9444   -102  13595   4377   5968 -14580   -541   8107  -8677   4968 -12839 -13586  -9177   9730 -13551   8816   7515  -5262 -13917  -8915   1107  -6854  -5973 
 12374 -10738 -10582   1978    849  11751  14593   3663   9473  -4665 -14940  13243  -6585   -360 -12619 -10143 -14184  -2819   3340  -4084  -9998  -4544  -4792  -6522 -14071 
 14732   6716  12902  -7001   8540  -6717   2601  -7021  -5837   8103  -4220   9649 -11378 -11327   1273  11851 -12571  13153  -7767  -2099 -11749  11760 -10391  -4985  -8386 
  -813  -8425  -3409   1645   9875   7983  10405  -2283 -14326 -13464  13947   4242  -9214   1477 -10059 -11797  10282 -10246   2125  -3652  -9944 -13894  -7173  12915   3077 
 -2420 -13950 -14657  -6652   5923  -2194  -9658 -13691    930   -467   4759  10281   4660  10811   7263   8503   8982 -14925   6367   4927   6568  -3517    -99 -13108  -5180 
-13521 -14246  10623 -14819  -5991  -3771 -14759  11788  10239  13678   3131  -2120  -8699   1917  12778 -13740 -10891   9380  -9133   8382 -13741 -11310  -6408   6020  -1705 
  9514  -5439 -14343 -13627 -14925   4838  -9847    607 -14816  14606 -14312   4781   7412   3257 -14382   5307   6927 -13861   7504 -11308  -5044 -12904   9174 -14706  -3458 
-13272  -4107   6407  11222    837  -8308  11373 -12502 -10799 -10527  12228  -9324   5294 -11279  13795 -11641   4125 -13307  -4928  13800   7768   1926  -9746   6282  -9171 
 -4078 -13517  -3559  -7956   1231   4992 -10741  -5757  -5888   6988   5844 -13897 -13403  11775  10585  -9289 -12152   8903  -9048   5405   4518  -7739  14822 -13580  12970 
 13657   8328  -7377  13520 -13456  -3385   5241   7207 -13813  -6579 -12568  -6680  -3500 -13003  -1255  14599  -8485  -5326  13991   1289 -13341  11022   6075    789  -9898 
-14249  13818 -12979  -2547 -13276   6619     95  -8447   9534   8712   6998   1499   4781 -10233   4535   8165  -1455  -2023 -12648   3345  -1566  12386 -11980  12349  -7334 
 -9397  -1587   7349 -12496  14629    177 -14392    521  -4849 -14959 -10559  -9029 -13336   2124   4159  -3982  -2647   2755  -9564   1318   8222   1257  -6683 -12709  -9036 
  7961    447   8700 -10329  -6483   4089   7602  -3684  -3892  -5143   5178    828   8067  -5319 -11994   1058 -14362  -9237   9218   6391  -7782   9115   4746 -13093 -10563 


