Random, 5000

 4501 -5750  4466 -5477 -4827 -1661  4555  4097 -7200  5945   -92 -6094  2707 -5064  5696 -7462  7169  3218  5507 -6412  5391  3833 -7205 -7450  1833 
 2076  1630  6009  3469  5996 -5429 -5147  4554  1181 -4048 -7193   899  2790 -3539 -1223 -7045  2304 -3550  6258 -7218 -1198 -5493 -5333  6884  -661 
  524 -1921 -6199 -5709  -934 -5783 -5372 -5283 -4878  2992  2668  5026  4123 -4563 -3761  6084   648 -2039 -5072  6864 -6341 -2126  -463 -7396   -84 
 5533 -2163 -3449 -5845 -2530 -3812 -5809 -4219  1911  2941 -4978  1921  7218   279 -1125 -5116 -1511 -2975  4261 -3981 -3733  4811 -3708 -1957  1939 
-1049 -4080  3259  6008 -5367 -6230 -3446  5644 -3444 -6388 -7394 -6461 -1202 -1348 -4757 -5321 -7144 -1346  5606 -6932  3486 -6364  1958  1497 -2267 
 2782 -6555  5448 -6386 -7179 -6721  3041  2966 -6849  3343 -6705 -7206  5878 -7268 -7088  5406   482  6032 -5745 -5709 -3889  2463  6684 -4266 -1056 
  336 -1221 -4653 -6635 -4727  5659  -704 -4733  1623  2105 -6007 -6862 -6149  4735 -7483  2350  -972 -6360  2730 -1251  5472 -1703 -5838  5489  -130 
 3727  6942 -5825 -3889 -5967  3775 -5283 -4933  2915  2188  1108  6643  4254 -2704  -771  3443 -3609 -1316 -5543 -5390  7370  -771  2372 -6364  5269 
-5450 -3577 -1917 -2067 -6319 -7442  6064  5383  3483  1366  4983  6842  1959  4863 -6981  6770 -6037 -6404  7469 -4264  7328  4477 -3401 -3285  2884 
-2327 -7243 -1304  2500 -2327 -5775 -4164  3587 -3378 -2177  7064 -2405 -7079 -5242  5378  4810 -4045   221  3269 -3126  4403 -4380  5955  5854 -4925 
 7039 -6798  3828  1954 -5244   277  5422 -2100  1680  4406 -4955   542 -7345 -4383  -663 -5950 -1224  3870   615  -533  5371  4190 -6786 -7339 -6376 
 2707  2889   657  1330 -5659 -1095 -2059  1993  6623 -3751  2667  3081  2534 -4650  -536 -1180 -6232 -2114  3865  3457 -5155 -6776 -7376  2908  5641 
-7005  -914  6053 -2213  6748   422  -657 -1869   -83 -3453  6817  6295  4919  -130  -374  6139   651 -4542 -5057  5498  3652 -1856 -3261  6758   359 
 5596 -6804  -220 -3633   -52 -3228 -7392  2772 -5198  1459   930  3791  4620  1118 -6785 -1052  5591  3013 -4502  -670  -547  4051  6536 -6894 -5234 
  751  3908  4940  4463  6419  5221  2343  -716  4411 -4000 -3719 -6629 -7424  1876  1822 -2529   -19 -3366 -1516  -143 -6663  3515  3752 -4160  -409 
 3897  -499  1735 -2732 -4997 -6999 -7138 -5353  -939 -3183 -2902   126 -1587 -3503 -1451 -3859 -5421 -2060 -3840  4881 -4811  -196 -6985 -4020  1708 
-3635 -7286   -19  -780  1410  2010  7194 -3309 -4749 -3497 -3602 -2157  3031  2085 -3257 -6727 -4481  2239  -919 -4767 -2909  3140 -6072  4847   481 
 6863 -6636  -534 -4783 -1515 -6911  1216  2664  5692 -1556 -4835 -4922 -1649   731   106   567 -5001 -3554 -5176 -5799  3135  3658  -641 -7494  4758 
 3559  4217 -6595 -5429 -5714 -2311  5502  1644 -4939 -6501  1044 -2298 -1326  -988  -993  1035  5179  -876 -1537 -3055  3851  1923 -3640 -2856  4239 
 -704 -6935 -3217  3509 -5552 -2129 -1257  6720 -5927  5799  6024 -2535  -515  3229 -5286 -2345  6258 -2593 -6616 -6161 -5556  -518  7440  5054 -2022 
 3044 -3996 -1064 -2352  5470  5376 -4978  5311  6722 -5603  3151 -3834 -3071  2499 -5392  5390  2410 -4789 -2017 -1833  1350 -1561   654   813 -6090 
-6687 -6574 -3820  2871  2819 -5241 -1219  1382 -6725  2109  4346  2666  5281 -1904 -1737 -4423   175 -4589 -6838 -6371 -1456 -2139  6157 -2547  2680 
-5905 -5073  7248 -5073 -3550 -4052 -5468 -4659  3778 -6619 -3416  4300 -3361  5464 -3419  -129  5993 -4899  7411 -2806  1711  1489 -1115 -3851 -2615 
-7125   -90 -6387 -2239 -3225  3455  7339  2793  4218  4698  2739  3088  1785   -31 -7085  4976  6232  3261  2691 -6844 -5638 -7177  7499  6948  1261 
 3330  5667   406 -7038 -4624  2185  2670 -1765 -1425 -4641  2417 -4952 -7045 -4068  -194  2041 -5059  1883  2667  6385 -6946 -7152 -1399 -6826  6934 
  785 -3642  6985  4837  7404  5071 -4807  3742 -1068  -625 -1933  3162   979   302  6494 -7346 -1053  3352 -4873  5103  5270 -5402  4898 -2156  -650 
 2938 -5315 -5597  1487  4975  -261 -5904 -1645 -3817  3952  7361 -5274 -5274 -1944  1128  2206 -3307  6294   360  3594 -5883  4866  6576  5993  3915 
 4632 -5942 -7242  5904  3074  -966  5815  4539  -969 -3122 -3690  3153 -1349  5406 -3907  2686 -3947 -3255 -3091 -1514  -733  5430  4919  2262    73 
-6595 -6611  3925 -7352 -5011 -5442   336 -7477  2296  1405  5663  2881 -2765  1698  4930  6406 -6752  2096  5928  1957   681 -5565 -1726 -6278 -5117 
 6990  5956  4266  2986  2951 -5605  6477  -725 -2906 -6732 -5363  3413 -5841 -3265 -4295  1132  4282 -7153 -6111  -835 -1661 -5548 -6033   232 -3014 
 2597  4960  4966 -5262  3244 -2437  1451 -6925  2176  7284 -5173 -1368  5467  7216 -6211  1499  1664  3881 -4645  1292  -418  2954 -5871 -5472 -5365 
 4991  2935 -5410  4106 -7018  1689 -3044  1191  3989  4701  3638 -4757  -476  -567 -3365  -772   808 -3319  6274 -5967 -4123  5550  3997 -6574  4985 
 3487  6665   -63  2686  3696  -820  5240  7270  6354  5223  1707 -5109  1491 -6953  4012 -3605 -4510 -4081  -725  2260  5656  6974 -4840 -6648   668 
 4403  5472 -5479 -1301  7044  3310 -6952  6875  4674  2276  6258  2782  -193 -3454 -1101 -1375 -5781  5193 -6460  -944  -865 -6201 -4444 -4072  3350 
-6243  5297 -5804  3459 -2711 -5547 -1394  5228  3047 -6752 -4303 -6303   339  2492  2047  4460 -4335  1371 -7350  6344  5773  6313  6943 -2452 -1847 
-5350 -5121   221 -4672  3637 -4526  4149 -3832  5038   207  3293 -1096  -330  -228  2942   140  1167  2309  2612  2272   460 -2542  3848  4288 -1339 
-5422  1026    43 -5803  2134   392 -6235 -5885     2 -1389 -5126  3296  1049  6280  7399 -6409  2684 -5194 -5736 -6648  2071 -1816 -5277   957 -7386 
 5274   606   124 -1508 -5123 -5318 -6591 -5783 -5549  6285  6033 -3047  3850 -7440  2473 -6226  4444  1389 -4019  4264   859 -4836 -3357 -4897 -6898 
 7430   345  5872  6345 -1816 -4523 -6529  5471 -6661 -6026  7462 -3428  6805 -7230 -2769 -7182  4626 -6444 -5622 -3467 -3748 -5636 -1141 -6548  -846 
 1930   366  -719   597 -6653 -4683  2177 -2103  7043  5704 -6804  6501  4989  5582 -6880 -5556 -5536  5839 -1129  -334 -3163  4830  7393  2232  -471 
 1022 -2025 -2156  2908 -2067 -5793 -4875  4107 -7412 -3905 -1113  1969 -3809  1093 -5564 -4662 -1446 -7443   235  1629  4659 -4027   -77  5602 -7440 
-5774  5695  -189  1535 -5497  1707 -1731 -6813 -2548   993 -7442 -4720 -1893 -6708 -5204  2800   595 -3595 -4585  6669  3981 -3217 -1325  2811 -5834 
 6136 -7290 -2506  -920  1220  5183 -6514  6009 -5858  3833  5710  1611  5454  4583  6875  5691  2240 -7050  2965  7153 -4150 -5457 -4675 -4242 -6422 
-3238 -4296  5570 -1055   994  6553 -5792  2772 -2584  4191   856  -953 -3503 -4123 -5431  2147  2388 -7035  3479 -6449  4305 -2757  7104 -5052   588 
-1403  1174  2027 -5086  3655 -5689  7019 -1268 -1136 -3816 -1335 -7214 -5212   851  3833 -4893 -7369 -7452  3385  4392  4451  7242  2493  -335    -8 
  466 -6359  2058 -5852 -1918 -1867  2150  5863 -4932 -5743   736 -1797 -2339  -373  5918 -3275  3985 -2577  5039 -5547  1477 -1874 -5220 -5460   473 
 4653  1438  3088  -489  7028 -3273  7320  3530  1573 -2044 -5626  4766  5928  1723 -3773  2100 -5756  5623 -5917  1433 -7279   852  3709  2197 -2331 
-2472  -588  4919   114  2313  1656  7072  2538 -3238  5365  4374 -3989 -5720 -5039 -4069  -835  1437  3865  3680 -2945 -2498  5001 -7170 -5339  1449 
 3335 -4534   508  5179 -5751  7412 -1111 -6183  3223  -776  3311  1516  6795 -5676  5998  3283  4018  1278 -5708 -7331 -5461  7059 -7495  2429 -4504 
 6630  5891 -7146 -5263  1719 -2550  1644  2157  6052  1245  3479  6626 -6483  1539 -4800 -6393 -6110  -349   312 -1684  5342  4428  -592 -5755 -6113 
 4607   180  5988 -6399 -3051  4118  7366 -3665  6393 -3679 -5395 -2773  5523   128 -3553 -3543 -1155  4442 -5873 -7229  7046 -5476   214 -4604 -1578 
-3203 -7108 -4469 -3508 -5428 -7361  1781  -723  4206  1486 -2152 -6708  4012  6205   267 -4589 -7215 -3454  -521 -4470 -5387  4030 -6361  5106  6932 
 6655 -2506 -1130  3427  7387  1671 -6502  3708 -6727  5904  5124  1999   490  4820 -5957 -5454  4825 -2315 -1167  7348   671  1812  2147  5071  5818 
  899 -1611 -3932 -5346 -5703  1412 -5549  3590  1136  3679 -3730 -3606  2090 -5060  6186  7221 -1936  6459  5934  3778 -1220  1468 -6591  2571  6067 
-2097 -6854  4649 -3661  3685 -4360 -6781 -1022   988  4253 -2231 -1182  4268 -4853 -1313 -6081 -2595  4506  2673   779  1329  4016 -4193 -1315 -4627 
 3883 -5118  3654 -5769 -4590 -5393  1542  3040  4226 -6581 -6038 -5534  1598  2864 -4896 -3280  2184  4217  1801  5300 -2664 -1515 -2806  4722  1780 
 4116  2782  2963 -6144 -3815    40 -6226 -2860 -4125  3651  3435 -5196 -5878   496  3283  6655 -3575   185  4052  -311  2175  -334 -5053  6668  4532 
 7062  4016  1212  2296 -4857 -5964  6592 -2755 -4880 -3570 -1928 -1185  2232  4011   260 -1477  7194  6466 -5045 -5146 -2854  3642 -2468  3335 -6981 
 4355  4600  -880  2482  2065  2769  6713 -5136  2281 -5626 -1721 -5219 -5272 -5367  1579  4036  6737  3135  -828 -1803 -1771 -1182  6522  -845 -3103 
-5067  3850 -3695  6163  4977 -4786  7464 -7060  7355   -21  2374 -7325 -5657  7386  5224  4313 -5937   137 -6808  3210  1453 -4737  4982 -4292 -4841 
-6192  6471  4019   -52  2727  6390 -4877 -6553 -6299 -7144 -3905 -4634 -4944 -1102 -3039  4157  6578  2057 -7117 -4262  5639  1303  7214  4928  -647 
  822  1867 -7444  3903  7096  1358 -7334 -4646  5654   999  3508 -3076  -565  4958 -1682 -7452  4512 -2042  4402 -1686  2983  3691 -3624  6817 -5684 
 5296  3387 -5280 -6221 -4558  1255  3486  3184 -5416  2774  2268  1499 -7016  4349 -5783   -54 -3002 -1853 -1407  5811 -5734 -4697  5137  5117 -4994 
  509  6838 -3702 -6713 -5502 -6389  4236  3489   919  3106 -5752  6340 -7493  3406 -6379 -1545 -3107  7055  3526 -1693  5776  6353  1380 -5892 -5930 
 1908  2251  1570  -199 -6540 -4718 -1301 -1863 -5063  2935 -6737  -824 -6279   794 -2455 -3716 -2631  4585  4603 -2745   529 -3389 -2395  -442  1889 
 4961  5163  4922  3790  2587 -1836 -5793  4672  -826 -4493 -5914 -7175 -2715  5298  6059   554 -2630  3485 -7061  2215   274  6812 -4308  -157  4281 
 5048 -2992  6818  3398 -5104 -7395  2855  6804 -1787  6639  -895  1262  3733 -6955 -5085  3980 -5163 -7161 -5385   168 -5733 -6996 -5383  7127  1702 
-3742  1409  -446  3843 -5859 -5746 -6890 -2390 -2616  2543 -5878 -3070  2725  2434  1504  5534 -6286  3186  5702 -5882 -4438  2595  3283  2907   915 
-2008  6339 -6190 -5737  -542 -4888  3553 -6290 -2004   580 -5071  -113   728  7297  4579 -5825 -3712 -6542 -3725 -1198 -7199 -3742 -5209  5815  7466 
 2035  6897 -1707  1301  5149  3713 -7194 -6276 -1197  1929  3913  4332 -1017  6498  5046   914   896  1161  7210  5147 -3254 -3871 -2186 -5051 -5554 
-5229  4043 -6938  -819 -1231  7245  1687 -3546  2844 -1205  2614 -3145 -4158 -2881  -699 -7132  6532 -6245 -4577  5610   878  1891 -7053 -6356  6304 
-3586  6491 -1655 -7444 -6096 -4567   725 -2006 -2322  1482   369 -1863 -5285  1139 -3714 -2993  5120 -5492  2134  6299 -6840  -652 -7263 -4670 -7318 
 6379 -6687  2693  6044 -2579 -5200  3388 -6171 -3268 -4568 -1257  4396  4023  3232   256  -570  3787 -3635  5922 -2654  4423 -3846 -6828  -893  6892 
-3307 -6625 -3417 -1493 -3384  4770  4547 -3294 -2606  6994 -6056  3210 -7361 -5285 -3194  4242  1090   223  -826  -751 -5966  -395 -6657 -5137 -1537 
 7499  1665 -6552  1284 -1141 -6380 -5638 -7305  6550  6510 -3038 -5628 -2732 -5245 -3326 -5928  7249 -1092 -2504 -5667 -4208  6488 -5685 -3444  -116 
-4466  2953 -5262  3361 -1578 -6236  1108 -1101  3304 -6562 -5270 -1911 -6921 -4320 -3485  4885 -7128 -4022  5409  1745 -7496 -4822  4316 -3484  2187 
-6991  6590 -1373  4508 -5290 -7187  2967 -7356 -6948 -4690  4810 -2007 -2468  1255  5739  3074  7395 -2618 -6377  4100  7069 -6258 -2434  -923  7364 
 2493  5859  1953 -4188 -4462 -6495 -5857  3557  1711  4496 -5945  6816 -2174 -7401 -5153  5779 -3684 -1788  6407  1306  -453 -1245  6953  6631 -7041 
 6959  3149  1144   888  1664  2636 -3765 -6544  6533 -2889  -904  7140 -4019  5847  5723 -7399 -4884  1047 -4991  2710  -737 -2172  4607  3388 -7373 
 3504 -6780 -6396  1570 -2733  5771 -6451  3328  7186 -4781 -5262  1070 -1530 -1740  2265 -3867  1950  2476  1668  2892 -5828  4404    -2 -5763  3487 
 -464  1096  1324 -7025  7392    -8 -7447  5684 -2196 -3031 -4839 -5722  5514  1303  -534 -1337   768   765 -6907 -1094  2414  4649  -411  4762   330 
-5284 -4994 -4996  5575 -4768  2113  2105  5866 -6938 -5498  4087  6996 -4809 -3241 -5165 -5719 -4307 -7143  5656 -6190 -6562  6379  2121  4490  3123 
 7398   913 -6785  7473  4504  1567  1728 -5499 -6253 -2734 -7013 -5825  -566  1420 -6369 -5394  6872 -1465 -5403  5883 -7254  1640  1037 -5488  3641 
 3180 -2017  2774 -2256  4824 -3285 -2052 -1768  1100  1265 -7337 -7249 -5060  7138  5047  2359  3358 -6294  1590 -6071  6977  2159  -231  2158  4932 
 7450 -3208 -1009 -2199 -6084  7381 -6154 -6201  5369   488 -5196 -2173   236 -6642 -6734  1248  4940   517 -2295  3480  7251 -7003 -7499 -2451  3108 
-2691 -2940 -7425  4938 -4788  6441 -7303 -2181  3248  3768  3812   163 -2536  4398  1875 -3916 -7171  2008   447  2004  3921  -775    14 -4074 -1374 
-3522 -3723 -3610  -254 -1810 -3481 -5655 -3770 -5972 -1425  -382  5644   387  7492 -3183  5643  3024  5658  4478 -5620 -3132  3640  4620  3347 -2458 
-6451  3667   121  6250 -1536 -5774 -4817   -83 -3256  4106  6432 -6974 -1177  7183 -6151  1003   825  6843  6154  5316 -6451  1098 -5031  4744 -6885 
-2041 -5273 -4812 -7266 -7286  -515 -1141 -1502 -1733  2721  6835    66  5916 -3256 -7393 -6214  6344  4580  3500 -6813 -6369  -973  3955 -6037   353 
 1583  2664 -6956    97    50  2879  1985  6932 -3979  1170 -2029 -1818 -4013  6620 -7322  1840  3403 -4169  5169 -5681 -5598 -1598  7333 -6258  5995 
 1219 -4787 -3221  5159 -3470   888 -5351 -6247  3460 -2740  -676 -2458   652  6323  1351  1057  1216 -5494 -5615  3198  3515 -7203  1285  5831 -6262 
 1523  1604 -7388 -5639 -4432 -3895 -6602 -4326 -4324   791  4004  -593  6053 -7140   402 -3387 -6815  5370  4702  2256  1743 -1369 -4218  4614   968 
-2004 -5707   444  2756   963  2349   114 -2946 -6753 -5806 -5956  3768  3459 -5740 -6816  2757 -5155 -4846 -5235  1637 -4956 -5984  6157 -5317 -2930 
-1151  3386 -5650 -1885 -4111 -6997 -5440 -6005 -7485  2573 -6458  4927 -2713 -2068 -3436  2508 -4028  5282  4401 -5539  6969 -1519   981 -3567  3801 
 5227  1375  3720 -4236  1240 -5275  4869 -2097   707  6276 -6691  5757  3680 -6809 -7087  4470  1041  6640 -6374  6953  5286  7261  3721  6961  6874 
-5743  7466  -345   884  3344  -348 -2566  5446 -7208   566 -6202 -4396 -5777  4226   384   156  6204  4647 -6022 -7011 -6120  3589 -3169 -3748 -5448 
-5028  3574 -5142  5991 -6001 -2586 -3643 -4381  5519  4139  7069 -3583 -1918  7442  6579 -1625 -5809 -5048  1404 -3505  4442 -5125 -6364  3311 -4979 
 1127 -6535 -3949   407 -5364  7351 -5894  1038  4124  7216  -756  7068  1483 -4463 -4909  3063  6986  4361 -4756  4148  -786   224 -4540 -7101  5807 
-2382  1733 -7402 -7206    89 -4436 -3513  -772  1696  7069 -1703 -2011  6684 -3442   824 -3506 -7487 -1315 -1638  1150 -5574  4770  4767 -7089 -2560 
 6214 -1418 -7433 -7224 -3653 -3613 -5606  3877 -5230  -913  1157  1127 -5809 -6970  -481   452 -4362  1032 -2940 -6367 -4219 -1977  3855  7091 -2152 
-4536 -4304  7302  2241  6697  -323 -6660 -6885  -100  1325  6605  4892 -5418  7430  6632 -1619  4845 -7425 -6838  -796 -7204  1925 -3440 -4359  5165 
-4616 -1448 -6623  5495  -236 -6425 -4554   967 -2229  7180  7184  4611 -2334  6980   -81 -5076 -4565  5047 -6794 -3963 -1392  5752  -553  6886  -798 
 6348 -6122 -5842 -6120 -7499 -4402    25  4329 -1703  6971  3023  5291   779  4829   772   618   813  1998  3431 -7462 -4369 -4772  4325   450  5710 
-5573  -465 -6393   693  5022 -4996  -156  6270 -4726  -882  5974 -6894  4202 -3444 -4673  6225 -4790  2854   188 -3429  3456  6331 -2981  1456  5643 
-7228 -6363  -546  4529  3250  -783   -63   482 -4748 -5446 -1200  1270 -7164    82  6085  3716 -5628 -6462 -3906 -5745 -1525 -1822  6665 -7231 -6373 
 6192  7236 -5507 -2597 -1351 -3898  -199  6947  4525   960 -1527  6225  2953 -4958  4320  5828  4494  7002    59 -6499  3860 -3379 -6689  -921 -3873 
 1536  6500  2283  2746  2683 -6891 -3552  3718 -4120 -7019 -2941  4487  5479 -6755 -6108  5209    15 -4877  2786 -4829 -4625 -5616 -2473 -1016 -2121 
-4867  5022 -4281  1273 -3570 -6210 -3027 -5907   786 -6680  6729  6613  5718 -6189  2933  1796  1366 -3317 -5894 -5949  2473  2309  2680  4370  3886 
-1452  5518  6256 -7092  1847  5031  3605  4346  -625 -7496  6110  1467   988 -5943  4608  4903 -2525  6186  1761  5572 -4855  2686 -4438  1204 -1798 
-5616 -4446     6  3992 -7388 -3104  2636  6907  5937  1208 -4087  2209 -6675  6999  -982  5674 -2814  6466   601   613  1279 -2020 -7017  6181 -3286 
-7067  4207  2867 -3958  6179  -245 -3676 -6142  -308 -5079  5964   429 -4414 -6643 -2669 -6026  1323   445  3431 -2927  2703  1817 -4718    39  6947 
 -725 -5996  2285 -5241 -2369 -5821 -7193  6442 -6352  2493  3046  4998  1156  7365 -7165   -95 -5445 -5591 -4768  3016 -7323 -2396 -7228  5364 -3722 
-4975  5394 -3987 -7183  3406  1936 -7404  6720 -5573  2169  5616 -2209  3995 -3744  6801  2480  -233  -338 -1511  6418 -7348  2221 -1096  4502   209 
-2422  2418 -4841 -4479   541 -5871   270 -1035  1626 -5422  5029 -1971 -3420 -6741 -5109 -6861 -5289 -6957 -7418 -5241  4454   559 -2459 -5407  6600 
-4521 -5512  -937 -1482   371  1377  6169   534 -5625  1712   488 -3915 -2845 -5225 -1381 -3914 -1068  2809  5449  3274  4218 -4401  6733 -6030 -7050 
-7000  5618  2091 -4761 -5539  4337 -6214 -2322  1193  5081 -1171  -513 -1645  4258 -1914 -3175 -6053 -3079 -3954  2713  2636  4286  2779 -5805  3450 
 2507  1388    25 -2152  2554  6626  1368  2978 -3740 -7246  4863  1597 -7241  7065 -5848  1998 -5799 -4677  7407  6867  1141 -6567 -6643  4821   317 
-5104    45 -1214 -6810  5452  6144  3355  -112 -4111 -5501  2731  -652  2398 -6621  5557 -7013 -5431  -576  6628 -7216  4793 -5916 -7459  5468  3000 
 -446  3836   409 -3772 -5617   226  6714 -2294  2663 -1352 -7218  3771 -5396 -5368 -4478  2344 -5865  1300   555 -5836 -6980  3950 -5656 -3213  3186 
-4514  3093 -5990  -455 -1898  4000  -307    87  2741  2582  3632 -6269  5701 -7302 -3152   579   904  1380 -5614 -1643  2967 -6048 -6382 -7009 -3306 
 1009 -5454  3381 -1750   -42  3196 -3619  2902  2699  5974 -2808 -1399 -1773 -5633  6903  5852  5109 -4039 -2948 -1348 -1300  3588 -2987 -6974 -7477 
 3693 -6999 -7485  7498 -1822 -7198  -219   771 -7386  5439 -6282 -7240  3713 -1489 -3676 -3625  3388 -3431  3600  7126 -7247  6634 -6837  2365 -1722 
 2881 -5568  7393 -4037  4453 -6489 -6082 -6529 -1272 -6226  -976   618 -2135 -4785 -5935 -3874   288 -4742 -1000 -6678 -2716 -2473 -7477  5940 -2662 
-4935   217  1716  7416 -6540  3421 -2907  2640  5263 -6938 -1861 -5879 -5357 -2570  5783 -5327   183  4708 -2698 -7081 -1322 -3489  3115 -5855  7417 
 4936  4842  4674 -6223  2007 -5235 -1249  2373  5333  5948  6121  -150 -6256   370  -427 -1989 -4992 -2884  3745 -3565 -2615 -6396 -6502  2054  1802 
  725  -796  -362 -1046  7001 -1654  7142  3437  6686 -5842 -6104 -2917  2451 -1523 -5461   850 -4788  6123 -7368 -5973 -4716 -4659  1948 -6397  2725 
-2978 -6781    38 -5870 -5951  4341  2574 -1553 -3304 -4708  4169   950 -3421  1028  7384  5102 -5345  4963   237  1329  6005  2988 -1010  2635 -5998 
-5803 -1407 -1240 -6041   986 -5230 -2903  4152 -7412  5807  2068 -2475  -597 -6866  3628  7410 -5076  3558  2348 -7348 -1925 -2029 -3595 -7354  -452 
-4651 -2584 -6291 -3985  -780  3642  3906  4659  6991 -4127 -3737  -788  5506 -3740  -929   392 -2965 -7493  7478  -226   138  4494  1028 -2223 -3480 
 5026  1028 -5311  5236  5273  2822  4548 -6770  3180 -3677 -5141 -7384  4789  -114   688 -4834  1447  4274 -2413 -7179  3545  7220 -6498  3530   290 
 2581  -137   785  2633  7036 -2583  1080 -5734   220 -6381  4225  4217 -6928 -2656  4383   831  1991 -5667  5271 -2831  5797  2213 -4007 -5481  1834 
 -522  2571   111 -2228  3115 -1276 -5529 -6141 -6281 -2178  4704 -6877   667 -7275  2863 -5603 -1149 -4465 -1953 -6142  4116  6238  3503  5151 -6746 
 4348  3004 -1304  2953  2572  2813 -4332 -7106  1153 -7282  6410  2621  6282 -4446  5758 -7202 -4929 -4807 -3750 -5157  3871 -1003 -4387  5715  1371 
-4527  3844  7060  3156 -5929  1423  3484 -2437  1815 -2324 -5116 -3370 -6203 -2373  1017 -7254 -1275 -5221 -4740 -3740  6027 -3225 -6802  6901  1957 
-2889 -5652  1093 -1637   508 -5820  3947  4736 -7338  1633 -6342 -5368 -1750  2589 -6297  4256 -7199  1007  4596 -6908  6911 -6629   374 -7211  6035 
 1474  1176  2056 -1171 -1046   990  7381 -4863  3547 -7102 -6895 -4156 -5610 -3973  -323  -780  2084 -6273 -4571 -4040   543  3808  5512  2341   346 
 4818  4365   604 -2047 -5165  5170  -170 -3450   -55  -971 -4343 -6789 -2203 -5016 -6502  6123  5252 -5951  6267  6130  4218 -5265 -6080 -6317 -1492 
 6989  2766  1428  3287  -865  2129  2949  2579 -3333   383  6866  2478  4485 -3209  5741  6707 -5690 -3348   990 -5611  1118  -899 -6512 -7252  2303 
-3990 -1178   135 -2819  5376  2194    72 -1483 -3530  -500  2566  1510  5673 -7346  5619  1563 -6427 -5912 -6512 -5577 -5955   853  6467  3952 -1444 
  781  2317  7199 -1883 -3623 -7023 -3410   -39 -5168  7009  7121  -769   -65  2420  5672  4993  3655 -4618 -5381 -6484 -6208 -7458  6537  -145  4308 
-6397 -4025 -2009  -283  7221 -4017  3234  4653 -5265  5242 -7309 -3987  4922 -6316 -7408  5101  2547  -277  2103 -6986 -5753  1093  4141 -4804  6549 
-7256 -5063 -4985 -2286 -3949 -3739 -1452   805  6789 -4538   658 -6639 -7349   -97  5377   351  7330  6474  7413  3962 -6494  4029  6274  3835 -3711 
 -656 -7498  6176 -6132  2074  2834  3126 -3700 -2048  2170  -875 -6215 -2290 -6456 -4787  6285   330 -3683 -6023  4887  3432  2069 -4357 -6092  6846 
-3919  3471 -7038 -1547  1872  2969 -6814 -2191  6556  2993  5068 -2926  4388  6551 -7002  6548 -6280  1700  5402 -5759 -2631  4201  2245 -2566  2068 
 -450 -4400 -1721  4552 -6295 -1743 -5071  -385 -6784   937  3994 -2178 -6877  4083 -6909 -6179  6410 -6088 -7461 -2150 -1729 -1081  6744 -7439 -4949 
 4712  2716 -3961 -6552 -4713 -6880 -5164 -6443 -3081  4020  1753  7110 -1279 -3885 -2197  4896    -1 -4928  -306  2487 -1223  2286  3973 -4399  2669 
-3010  1385  3048  2440 -4998 -5792 -4275 -4725 -3823  5208  4713 -3375 -2533 -2427 -6898  2420   351  2775 -4963  -756  3995 -2479 -5100 -5833  4526 
 3228 -6378 -2868 -1542   473  1137 -3244 -5935 -2733 -3813  5303   348 -3634  4959 -7367  7258  4639   299  4773 -2941 -1281 -2779 -2872  2089 -4170 
 -549 -3398  3668  1138  3782  4974 -7453 -4491  3574  2378 -6059  2277 -3954 -4194 -5774  2943  1837  -681 -3285  3302   387  1011 -4059  -198 -4711 
 4377 -2786 -6725  7407 -4182  1935 -5166  3388 -1829  4498 -2953 -3210 -5133 -3319  7093 -1772  2278  2043 -7341  4757  4201 -3117  5500  4159  7428 
 5604 -6934  7104  3848  5101 -6959 -3624 -5384  4223  1731  4315  1945  4412 -7187 -2334 -1376  1823  7432 -3902 -7253  5126  -123  4551 -2039 -5198 
 4859 -5847 -2762 -4499  3903  3392  4337 -1049 -3560  -635  6034  4962  1341 -2502 -6433  6412 -6102 -4469 -1819 -2539  2966  4179 -6232 -5286 -7270 
 5812    26   132 -1832  6753  3918  1297 -5803   286 -5035 -5801 -7183 -7445 -4115  5733 -6475 -6644 -5561   866 -3673 -6329  6607  2543  7316  3334 
 3650 -4154  2598 -7399  -526   983  1644 -5805  4033 -4864  4209 -7112  1411  3808 -1273 -3871  6110 -6083   489 -1490 -4256  5359 -7319  4958  7386 
-6188  2564 -4011  1943  6183 -6690  -837  7218 -2253  6957 -6315 -5553  5472  2191 -5259  1313  3165 -6180  6560 -6638  3353  3054  -644  3618  6247 
-6367 -6869 -7349  7043 -2241  1975  2409 -6148 -6275 -6675   618  -902 -2997 -3611 -4093 -4600 -1838  6491 -4777  6232  2885 -5959  3160 -5407  4062 
-3090 -5537 -4783  5041  6799  -351  5664  5310   -98  6475  3202 -5302  6378  6259  6689  5893    97 -5197 -3204  1768 -6926 -5217 -2775 -6491 -7140 
-1061  5047 -4504 -5026  4016 -4547 -2198  6929  2772  5660   811   -15  3344 -6534 -1252 -3213 -6149 -7244  4398 -5170  7137   911  2552  4566  3441 
-3184  4239  -790  6531  5697  4401   181 -7205 -4794 -6650 -7013   840 -1406 -6386 -5383  -293  7440 -6959  2370 -2471 -6160  -412  1127  2547 -3871 
-5687 -1842  2460  1931 -5403 -2762  1599  7140  4841  3951  6350  6709 -7056  7449 -4876 -5733 -6969 -5714 -5729 -4715 -5286  3523 -3776 -5181 -5097 
 4337  4245 -6145 -2424  5276 -1839  7479 -7077  7413 -1141  3577  2034 -7001  4948  2778 -7213 -1091 -6347 -2024  -174 -4095 -6208  5758  7150  -763 
-3066  3617 -1574 -6200  1643 -6968 -3879  5433 -5254 -4831 -6835  -103  -873  4170  -268  2277 -5586 -6267 -7197 -6020 -1308  1951 -2216 -2905  1540 
 2866  4200 -4363  2265  1410  4334  2369 -4867  7333   543  5620  5881  3815 -3086  4897  6740 -4909 -6850  6733  1707 -6633 -5266  7127  1956 -5767 
-5512  3387  -836  4912 -3908 -3787    88  4864 -5669  2276  -395   522  -757 -2094  -611 -7474   437  -304 -1610  5404  4055  1663  2677  2753    32 
-7462 -5001 -1793 -5520 -1734  2463   436  4314 -7261 -2234 -4882  4468 -6338 -4174  -723   360  4233  5475    67 -7445  4234  2206 -7351  5420  3352 
 5286  4244  4810  3828  5929 -7065 -7347   146 -6303   561  4311 -3305  6662 -6118  4145  4103 -6270 -4703 -4315 -3998  7265 -2402  5897  5995 -3164 
-3183  3741 -2803  5301  4037  4677 -1607  1685  6579  5235  1417  6847  5543    30 -1536  5331 -1729  4529  2574  4497  3468 -6748    84  -347  1911 
-3153 -5512 -6170  5375 -4638 -4639 -5984 -2016    -4  4040 -3691 -4623 -7435  5998  -633 -3675 -2592  -852  2232  5065 -6416 -5818 -2508  3982  2520 
  757  7360 -2325  3316  4372   434 -5372 -4989  -996  4699 -6195  -584  3441 -4826 -7187  2838 -5539 -7386  6012 -6914  7361 -5354  4967  1669 -6863 
 3633 -6123  4382  4533 -3860 -6991  1168  3028  5858  3404  5656  3431 -5666   684 -1207   195  5495  -791  7294  6360  3537  4287  -722  7329 -6420 
-2899  -120 -5780 -5564  -576   -91  2490  5751 -2759  5893  2829  2300   471  7142 -2433 -5718  -623  1233  2571 -5849 -5015  5599  7332  3822   257 
-1598 -3685  2926 -6407 -2121   668 -6043 -2305 -6008  7158 -1520 -1877 -3251  -587  5797  7242 -4303  2924 -2407  -312 -7397 -4455  2205  4970 -6586 
-5653  7110  6709  5560 -3383 -6796 -7023  -443  -647     0  6188  5468 -2269 -6226 -3039 -4420  4533 -7346 -4009 -6105 -3130  4669 -3389  -156  1987 
 1478   484 -6493 -6001 -5421  6375  2976 -4309  1671 -6235 -4638  6713 -3086  -954 -5019 -4003  -222  6795 -5644 -1833  -490  4187 -6729  3018  1836 
 6693 -4750 -6313 -2520  3206  2964  4964 -3758  6954 -4873 -2045 -6656  3208  2566 -6985 -4807  1104  2719 -7325  2435 -5271 -6994  6148  6818   577 
 6186  1319 -5907  1013  -198  2597 -2434  5394  1803 -3314  6323  7234 -5145  5645  2005  3627 -2835 -1693 -7050 -5331     8 -2892 -4899  6345 -3637 
 -741 -1828 -5823 -2333 -5283 -3198  4735  5849 -2073 -5866  6966 -5218 -3970 -1316 -4535 -2201 -1449 -5791  6256  3258  5597  1720  2071  -823 -6061 
-1765  2845     0  6004  7184 -3624  3290 -4092  2276 -1103  4344 -2834 -7280  7435 -1267  1722  3759 -3840 -4237 -5074  4631 -4919 -7022   -44 -3868 
 5722  -510  4702  6705  -178 -6553  2365  1546  7176 -5355  3815  3998   122  6515  3466 -2889  3277 -1412 -7205  3688   583  2315 -2701   776  1129 
 2169   901  2145  5617 -5832  5210  1830  3963 -7196  1151   577  3688 -3422 -1440 -1082  4456 -3779  2963 -5236 -5823 -7155   234 -1270  4062 -1642 
-1316 -6645  3120 -5971  4482  2208  6226  3598  4418 -3138  2186 -7376  3312  1962 -3865 -2368   914 -4680  6443   134  -572 -1636  -635 -1119 -3582 
 3236 -2825 -4887  6445  5163   350  6254  2992  1505 -3342   101  4487  4296  3690 -1244  3717 -6047  -830   -13   724 -6366  3046  4742 -1196 -7019 
 1836 -7233 -1734 -3416  4469 -6348  5461  6533  4247  -594  3724  5890  -875 -5484 -1111 -4782 -4623 -6689 -4008  6962  3114 -5710 -4649 -3047 -5842 
-2677 -7464 -5767  5621 -4920 -2586  3444 -1588 -1910 -6399  2257  1919 -2734  4679  1838  5966 -7164  6160  -393   256 -4972 -1609   -58 -6106  4699 
 4606 -5126  6979  5956  4184  -537  -464  5027 -5934 -1235 -3393 -3003 -2351  2185   161  4037 -6879  3276 -6011  5565  6445 -3063 -7296 -3691 -5234 
-5774   433  5375 -5945  1189 -6669 -1971  -437  6922  5115 -2556 -6612 -6552  5365  -490 -5739 -7486   -61 -3750 -1277  5285  5337 -3201 -1326 -6013 
 3073  1796 -5795 -4790 -1960 -1018 -4747  6875  7001 -6046  1224 -4930  1312 -3080  5859  5140  7476  7092  6154  3176  1505 -2320  2296 -5550  6368 
 2708 -7370  3887 -1836 -6408 -3195 -7050 -3319 -1152  6952  -424  4821 -6192  4195 -1638 -3113  2635 -3159 -2236  -804   -48  1586  1845  1898  7341 
 2277  6276  6023 -4233  6505  5523 -3233  4176  5209 -5799  4906 -2343   986 -4826 -4788 -2983  6989  1846 -3139 -3537 -1077  4247  5441  7395  5105 
-6188 -7388 -5507  5597 -1963  5810 -6426 -5667   446 -1514 -2277  7153   366 -7338   334  7310  6338  5025 -1744 -5617  4884  6417  1773 -2836 -3867 
-5518  7477 -6835  3771  4833  1618 -5949  5591 -5138  4468 -7395  1166 -3246  3050  5445 -6020 -5035 -3706 -1336 -7173 -5367 -6729  3626 -5064 -3276 
-2088 -3441 -6716 -7365 -5073 -6361  2150  3975  2340 -5187   389  2352 -3905  -501 -4994 -5419  1527  -211 -2104 -7070  5964  -190  5774   269  5781 
-7072 -6262  4446  2482 -5603 -2528  2474  2937  2302 -1968  1858 -3770 -1350  5206 -1338  5334  1981 -5460 -1828  1259 -1657 -6602  3075 -6124  1250 
 4640 -2879 -6146 -5594 -5745 -7059   443 -4009  5380  5684  -664  -124 -7451  3483 -6570 -4970  3232 -5571 -2160  1681 -7089 -2158 -3239 -1349 -6887 
-5177   -50 -6978 -6661 -6848  2982   786  5961  2231 -6564  7289 -3252   264 -6138 -1403  6479  4820  5377  4689  3308  -307  2221  2859  2205  1345 
 1023 -1175 -6524  6780  5718 -5438 -5557  5486  4646 -3478 -5933 -5340  6331 -6409  1171  6286  6592  7058 -7121 -3980 -2121   650   -18 -4321 -5980 
-4290 -5984 -5214 -6307 -3641 -2515  2659 -2781 -6044  6240 -4990 -3212 -2450  3319  7396 -2530  5140 -2883  5647 -2564  4556 -3971 -2573 -3450  5624 
 2872 -6739 -1876  1749  3580 -2262  6624 -6341 -5989 -3820 -3982   267   825  4073 -7491  7024 -2691 -1428  1116 -6555 -2962  3440 -4286 -1519 -3140 
-2104  3600 -4506 -6721 -3845    11 -7323 -5219 -2285  5720 -7111  3118    63 -1879 -5734 -4538  5561  2864   715   426  4177 -1854   225 -6077  6708 
  334  7239 -3948  4394 -4216  -535  1029 -2536  2618  5684  2111  3617 -2751  6754  7262   -95  5577  3060  -814 -5930  -317  -128  1134 -4417 -6084 


