Random, 1000

 1401  -266 -1077   337   814 -1436   270  -308  -672    69  1395  -283 -1184   765 -1237  1063  1186   491   447  -834  1196   370  1365  -763   194 
 -389  -828  -565 -1205   -96 -1041    -6   765   463   -72  -532 -1049  -192   972  1207  1385   537  -399   640    47   658  -651   100  -968   105 
 1043  -646   249  1371   787  -824  1012 -1335 -1233   449  -532  1107 -1109   902  -225 -1277 -1096  -259   555  1441    81  1061   483 -1090   272 
-1110 -1071 -1057 -1323  1119 -1255   196  -509   106  1215  -726   282   282 -1380   959 -1186  -320  1330  -540  1005    78 -1463 -1101  -592  -837 
 -967   696    62  1030  -512  1024   582   114 -1274  -220 -1295  1489 -1103   997   285  -870  1399  1109  -803   463  1486   553  -711   851  1159 
 1299   493 -1113   332  -173 -1402   658  1347  -844   386   669  1197   681  -423   839  1496  -568   592  -888  1474   -50  1281  -703  -586   494 
  618  1408   731   724 -1444 -1429   289  -456  -466 -1496 -1122   802   541 -1235  1249   722 -1248   799  -670  1385  1183  -732  1357  -276 -1227 
 -592 -1340   958 -1037   361 -1331  -873  -629   313  1438 -1286   585  1369   630   955  1286  -899   559  1332   630  1460  -201 -1356  -886   752 
 -699   851   -74  -262   -19   347  1158  -187  1061 -1109 -1332  1480  1121  -188  -222   672   589 -1288 -1025  -101   615  -878   -81  1140 -1290 
 1135 -1105 -1161  -634     7   407   153   449     9  1210   -15   349   551   908  1304   718  1319  1363 -1300   305 -1086  1145 -1270   123  1146 
 -824  -779  -504 -1283  -415   597  -431   -97   484  1413   627 -1270  -939  -104  -717    -1   800   147  1475   939  1167   367  -909   781 -1385 
-1257  1037   149    30   272  -363  -887  -733   554   595  -244  -823   226  -425  1268   906  1083  -437  -433   766  -617  1002  -824  -423   252 
 -291  1431  -426   513    85  -971 -1368   -56   196   309   -24   588  1416  -290  -309  -753   266   849  1327  1292  1338  -414   543  1405   -48 
  347   916  1068 -1027  -405   301  -515  -317    53   269    31 -1228 -1486   219  -930 -1030   533  -737  1267  1427 -1267     8  -947 -1072   -75 
 -322  -646  1397 -1082  -616  -184   878  -235   435   643   769    34  -910  -321   850   -91  -872  1237  -843 -1341  1302  -495    99  1283 -1057 
 -109 -1432 -1082 -1104  -361 -1448  -250  1342   482 -1267    48  -950  1431  -267  -680  1471  -391  -143  -269   669  -690  1455   -61 -1231 -1048 
 -827  -660 -1319   307 -1374  1369  -982   338   913  -755   395   804  -341  1192 -1317  -474  -769 -1299   766   -20   974 -1383   670  1464   909 
-1380  -852  -987  1049   915  -209   298  -806   161   521   663   -94  1433  -496 -1249  1215  -367  1178 -1250   592 -1316  -191 -1157  1489  -668 
-1370  -621  -907  -418 -1342  1243  -234  -880     5  -445   738 -1043  -437  -856    14  -847 -1144 -1322  -915  1198   670 -1457  1403   -29   519 
 1081 -1272  -478  1321  1090  -999  1093   862 -1350 -1352  -755  -923  1003  1202 -1164  -685   620  -554 -1249   -80 -1344  -651  -896   332  1347 
-1383 -1269  1252   420    92   850    57   286 -1488  -949   560 -1329  -286   105   283  1002  -253   201  1032  1312   673  1099   791  -979  1379 
   88   196   996   608 -1286 -1295   547  -979   183     0   838 -1175  -416    62  -225   181 -1008 -1150  -224  -506 -1053   349   772   805   -93 
  641    33  -193   694 -1498  -511  -681 -1411   -23  -624   881 -1318  1371  -924  -876 -1468  -356    37 -1168   189   165   329 -1207   872   529 
 1127  -100   411   876   944 -1455 -1376   762  -461  -321  1379   886   886    87   959    78   521   675   407   566  -622    30   353   656  -478 
-1486   892  -886  1405   -41 -1433  -601  1204   145 -1257   798   904   242   723  -520   468  -982 -1392     4   988  -433   733 -1436   175   184 
 -261 -1078   783   426  -949  1003 -1420  -554  -353  1022  -658  -679    32  1034  -980  1401   -83  1411  -802  -525   406   403   753 -1001  -191 
 -229   462   950 -1206   242   867  -471 -1011 -1086  -978   544 -1131  -851   279  -357 -1163   117  -868  -894  -433   473   860  -503  -909  -116 
  504   378  -291    94  -161   723  1105  -511  -381   222  1107 -1343   875  1277   -48 -1105   744  -586  -117   542   193   295  -157 -1499  -592 
  331  -691 -1233  -731 -1294   -90 -1492  -345  -612    -8   885  1434 -1021  1348  1308  1172   434   710  -146 -1469  -110  -397  -910  1216  -114 
  760 -1118   680  -969  -527   401   720  -679   958  1196  -665   230   713  -823  -109   496   230   332   544   973    86   251  1235   427   505 
-1387  -322   795   407  -184   375   604  -999   856  -636   145  -225   884   989   194   589  1046  1413  -315  -187  -584 -1178  -244  -792  -998 
  -75 -1409    84  -782 -1187  -132   199  -297  -822   828     8  -705  1049 -1241   -56 -1118   651  1366   984  -592  -185 -1108   572 -1412   876 
 1131  -780  -646  1250  1016   301  1448   115  1412  1319   716   582   215   608  -860  -836  -486  1297 -1406  -532  1371 -1242   886   724   114 
   61   796   -75  -853   893  1321  -118  -445   671   998   831   187  -770  1445  -567  1181   734   364  -921  1478 -1379  -558  -696  -451  -656 
 1142   505  -268  1208   282   765   466   422   228   450  -241   861  1264  -658 -1123   846  -772 -1344   734    42  1293   465 -1424  -781  1419 
   28 -1029 -1278  1351   778    72   951   242  -319   474   129   227 -1237  -302  -302   762   164  1319 -1381   907   218   -57  -607   772  -810 
-1089  -873 -1239   818   -39   631   981   769   835 -1287  -382  -943   638 -1386  -168   430   749 -1046 -1139   461  1018 -1026  -699  -241  -518 
  -99   238  -535   771 -1068  -769    54   798   713  1363  -875  -374  -202   787   560  -514   260  -535   856   486  -440  1182   564  1046   -50 
  579   866  -714  -695  -347   303   944    33  -259    93 -1178  -219 -1156  1273  -979  -655  1372  1043   793  1004  -827  1304   163 -1410  -117 
  450 -1458   -43   706    50   891  1214 -1488  1283   328  -553   -41 -1225   731  -341   640  1108   733  -530   935  -482  -481  -566 -1221  1494 


